gen,best_fitness,mean_fitness,evals,time_sec
0,17661.466588162242,21080.76508092041,60,0.0012516975402832031
1,17661.466588162242,19750.76537926194,113,0.002936124801635742
2,17247.106034208835,18692.630277342487,154,0.004525423049926758
3,16451.18067133132,18166.262246367252,192,0.006037473678588867
4,15716.745722480282,17778.096750378536,226,0.007342338562011719
5,15716.745722480282,17591.455352938712,256,0.00851750373840332
6,15391.913832425365,17244.01289817514,290,0.009803056716918945
7,15391.913832425365,16973.060324005863,325,0.011081695556640625
8,14918.577389472604,16485.273896756877,363,0.012543678283691406
9,14918.577389472604,16264.244289264148,402,0.014126777648925781
10,14783.141273908024,16046.055745017567,439,0.015574932098388672
11,14498.046531119293,15753.051061397324,485,0.01730513572692871
12,14473.713235056284,15525.008850929195,527,0.01914811134338379
13,13728.264180549442,15383.075386921815,573,0.02085423469543457
14,13728.264180549442,15421.470096220384,606,0.02215123176574707
15,13728.264180549442,15399.602165683404,639,0.023406267166137695
16,13711.43476728256,15555.271166956158,677,0.02468419075012207
17,13691.737750996406,14826.9793323158,722,0.02627706527709961
18,12777.075999729768,14350.494080615628,772,0.028337478637695312
19,12777.075999729768,14284.027924220061,806,0.029718399047851562
20,12777.075999729768,14230.15779535834,836,0.030947208404541016
21,12777.075999729768,14698.352037693325,866,0.03203916549682617
22,12777.075999729768,15037.956191835949,903,0.03324294090270996
23,12636.37844816219,14102.701510224206,935,0.03484821319580078
24,12636.37844816219,14474.915220263643,975,0.03685426712036133
25,12636.37844816219,14143.995468190658,1014,0.03834652900695801
26,12636.37844816219,14292.600646407856,1055,0.03986549377441406
27,12636.37844816219,14140.000180189663,1095,0.04136824607849121
28,12636.37844816219,13840.594168613188,1134,0.04301810264587402
29,12636.37844816219,14117.12554124394,1173,0.04435157775878906
30,12636.37844816219,13956.265730631558,1212,0.04569888114929199
31,12636.37844816219,13763.896626424052,1252,0.04716634750366211
32,12636.37844816219,13853.043147167024,1296,0.04915499687194824
33,12636.37844816219,13690.76249875365,1340,0.05068349838256836
34,12516.862493951796,14060.441538798917,1392,0.052489519119262695
35,12162.039974998,13755.974886756252,1439,0.0540926456451416
36,12162.039974998,14212.475083297764,1480,0.055634260177612305
37,11863.59320793212,13730.685954377017,1517,0.057008981704711914
38,11843.548806505494,13689.836460877606,1553,0.05830645561218262
39,11843.548806505494,13990.054243429895,1594,0.05962872505187988
40,11843.548806505494,13498.067831678276,1636,0.061177968978881836
41,11843.548806505494,12996.903244011695,1675,0.06279587745666504
42,11811.309253430212,12860.804385375312,1714,0.06422305107116699
43,11363.692723359132,12886.575051295435,1756,0.06593823432922363
44,11363.692723359132,13280.127232711624,1794,0.06723952293395996
45,11363.692723359132,13278.029430303119,1833,0.06855463981628418
46,11363.692723359132,13439.493612221397,1874,0.07007670402526855
47,11363.692723359132,13274.370434103033,1914,0.07142257690429688
48,11363.692723359132,12799.981654196761,1949,0.0728297233581543
49,11363.692723359132,12837.101607152099,1986,0.07429957389831543
50,11363.692723359132,13143.048543237286,2026,0.07573151588439941
51,11363.692723359132,12872.37454567222,2064,0.07718658447265625
52,11363.692723359132,12974.847396401972,2102,0.07880043983459473
53,11363.692723359132,13167.810054239688,2142,0.08011245727539062
54,11363.692723359132,12957.025104677188,2182,0.0816802978515625
55,11363.692723359132,12901.29102029393,2221,0.08303523063659668
56,11363.692723359132,12591.138070345964,2260,0.08439135551452637
57,11363.692723359132,12641.845901435145,2302,0.08580589294433594
58,11292.532482313632,12670.829040236664,2344,0.08729219436645508
59,11292.532482313632,13089.885726306378,2389,0.08875036239624023
60,11292.532482313632,13108.331205208622,2436,0.09033918380737305
61,11292.532482313632,13062.80410836415,2483,0.09194231033325195
62,11292.532482313632,12154.19442328743,2525,0.09356117248535156
63,11292.532482313632,12870.224913085702,2573,0.09537959098815918
64,11292.532482313632,12803.461536398343,2623,0.09713625907897949
65,11292.532482313632,13057.460400327276,2671,0.09878206253051758
66,11292.532482313632,12718.774889811202,2717,0.1003115177154541
67,11292.532482313632,12683.979463503643,2762,0.10209488868713379
68,11292.532482313632,12603.527276831514,2807,0.1037449836730957
69,11292.532482313632,12556.099035832518,2857,0.10565924644470215
70,11292.532482313632,12627.628494494626,2907,0.10754966735839844
71,11292.532482313632,12368.08924650774,2955,0.10926628112792969
72,11292.532482313632,12386.098794703254,3003,0.11094522476196289
73,11292.532482313632,12832.010206235045,3055,0.11270761489868164
74,11292.532482313632,12563.576563708375,3106,0.11457324028015137
75,11292.532482313632,13122.276100942012,3163,0.11642909049987793
76,11292.532482313632,12557.252587647963,3217,0.1185159683227539
77,11292.532482313632,12403.873961210174,3272,0.12042760848999023
78,11292.532482313632,12379.982678375643,3327,0.12237930297851562
79,11292.532482313632,12636.828949436003,3381,0.12420010566711426
80,10995.959498595594,12849.631912254705,3436,0.12609481811523438
81,10995.959498595594,12438.042254620055,3472,0.12736058235168457
82,10995.959498595594,12746.381461048226,3510,0.1286630630493164
83,10995.959498595594,12329.166105437711,3545,0.1298971176147461
84,10995.959498595594,12733.28103786107,3583,0.1311640739440918
85,10995.959498595594,12812.47206474943,3620,0.13241028785705566
86,10995.959498595594,12651.019223341707,3657,0.13364362716674805
87,10995.959498595594,12849.055818273688,3695,0.1349339485168457
88,10995.959498595594,13140.439314195031,3735,0.13629746437072754
89,10995.959498595594,13180.087011720723,3774,0.13766717910766602
90,10995.959498595594,12878.793721827407,3812,0.13902068138122559
91,10995.959498595594,12956.885092537386,3851,0.14027738571166992
92,10995.959498595594,13350.044979068505,3892,0.1416926383972168
93,10995.959498595594,13106.038937613084,3931,0.14360809326171875
94,10995.959498595594,13167.50274619856,3968,0.14488697052001953
95,10995.959498595594,13347.779215614803,4006,0.14617371559143066
96,10789.243476559575,13294.097895341636,4043,0.14752483367919922
97,10789.243476559575,13199.970494785277,4078,0.1488018035888672
98,10789.243476559575,12859.039706788166,4112,0.1499793529510498
99,10789.243476559575,13156.984101674338,4147,0.15126895904541016
100,10789.243476559575,12772.172824844556,4178,0.15237855911254883
101,10789.243476559575,12834.79905675491,4210,0.15344619750976562
102,10789.243476559575,12880.035798247214,4242,0.15476131439208984
103,10789.243476559575,12747.913531745151,4276,0.15594124794006348
104,10789.243476559575,12795.761057742413,4312,0.1571338176727295
105,10706.27070138385,12785.579994179869,4350,0.15846562385559082
106,10706.27070138385,12658.193502200214,4389,0.15976524353027344
107,10706.27070138385,12351.366690258352,4425,0.16099858283996582
108,10706.27070138385,11921.110264677716,4458,0.1622169017791748
109,10706.27070138385,11782.58130557566,4493,0.1634845733642578
110,10706.27070138385,12495.378750716494,4536,0.16505980491638184
111,10706.27070138385,12091.923932073318,4577,0.1664595603942871
112,10706.27070138385,12227.751677254506,4619,0.16805219650268555
113,10639.493669103063,12067.12489601381,4661,0.16948199272155762
114,10639.493669103063,12146.848543821707,4705,0.17099380493164062
115,10429.383407485026,11734.229308749918,4749,0.17255401611328125
116,10429.383407485026,12259.51970191007,4791,0.17408418655395508
117,10295.662311875954,11932.597254481292,4831,0.17551302909851074
118,10295.662311875954,12266.492987911133,4872,0.17695355415344238
119,10295.662311875954,12018.609449687456,4913,0.17851567268371582
120,10295.662311875954,11502.970734887864,4952,0.180145263671875
121,10295.662311875954,11470.130622565799,4994,0.18164825439453125
122,10295.662311875954,11917.70509215543,5039,0.1831514835357666
123,10295.662311875954,11615.5138693507,5082,0.1849231719970703
124,10295.662311875954,11532.467459598203,5121,0.1862623691558838
125,10295.662311875954,11537.932949393376,5164,0.18788433074951172
126,10295.662311875954,11569.042384188948,5205,0.18935585021972656
127,10295.662311875954,11213.066255342601,5244,0.19086432456970215
128,10295.662311875954,11416.48718609867,5285,0.19232559204101562
129,10295.662311875954,11430.709568325485,5326,0.19381999969482422
130,10295.662311875954,11847.615001845177,5370,0.19556951522827148
131,10295.662311875954,11729.127714303717,5408,0.1969618797302246
132,10295.662311875954,11184.640577189017,5444,0.19826054573059082
133,10205.238696052553,11808.482106433117,5486,0.1996450424194336
134,10205.238696052553,11318.509140641916,5522,0.20090770721435547
135,10205.238696052553,11506.307526687451,5559,0.20225143432617188
136,10205.238696052553,11536.319919904427,5596,0.2036130428314209
137,10205.238696052553,11449.999528115697,5633,0.20495820045471191
138,10205.238696052553,11475.446601701844,5671,0.20653581619262695
139,10205.238696052553,11492.879264756863,5709,0.20804286003112793
140,10205.238696052553,11218.4839069765,5746,0.2093663215637207
141,10205.238696052553,11437.98975369538,5787,0.21079444885253906
142,10205.238696052553,11395.459691016778,5828,0.21219968795776367
143,10205.238696052553,11747.504763882895,5871,0.21362519264221191
144,10205.238696052553,11505.69839081157,5911,0.21516633033752441
145,10205.238696052553,11450.474610892186,5951,0.21655559539794922
146,10205.238696052553,11095.633309388824,5989,0.2180311679840088
147,10205.238696052553,11362.295041212003,6030,0.21939444541931152
148,10205.238696052553,11364.610028449164,6071,0.2209925651550293
149,10205.238696052553,11405.679437658297,6112,0.22250080108642578
150,10205.238696052553,11072.047217870804,6151,0.2238931655883789
151,10205.238696052553,11655.7362566632,6194,0.2253119945526123
152,10205.238696052553,11735.297452760837,6237,0.2268974781036377
153,10205.238696052553,11592.232955813844,6279,0.22837352752685547
154,10205.238696052553,11219.171383470091,6319,0.22977781295776367
155,10205.238696052553,11207.679938564861,6356,0.23110222816467285
156,10205.238696052553,11469.995646618547,6395,0.23246097564697266
157,10205.238696052553,11349.196882478422,6433,0.23378849029541016
158,10205.238696052553,11230.854603400765,6471,0.23511600494384766
159,10205.238696052553,11570.78899614455,6512,0.23648762702941895
160,10205.238696052553,11381.44816873763,6551,0.2378997802734375
161,10205.238696052553,11505.068755322414,6591,0.23936796188354492
162,10205.238696052553,11669.6318943219,6632,0.24075579643249512
163,10205.238696052553,11492.920645545946,6672,0.2421114444732666
164,10205.238696052553,11617.779115420342,6713,0.24347567558288574
165,10049.401690060813,11570.200365465367,6753,0.245072603225708
166,10049.401690060813,11855.243253897126,6795,0.2464008331298828
167,10049.401690060813,11561.759996141009,6835,0.24785065650939941
168,10049.401690060813,12095.58731314392,6879,0.24935102462768555
169,10049.401690060813,11440.068076744934,6919,0.2507755756378174
170,10049.401690060813,11689.205991272149,6961,0.25218939781188965
171,10049.401690060813,11607.910162585695,7002,0.2537500858306885
172,10049.401690060813,11798.540654558137,7044,0.25519776344299316
173,10049.401690060813,11650.502731257313,7085,0.25670886039733887
174,10049.401690060813,11730.02420270401,7127,0.2581369876861572
175,9789.924054848887,11674.93423227123,7168,0.25951266288757324
176,9789.924054848887,11909.138597497596,7208,0.26096487045288086
177,9789.924054848887,11925.25161557057,7248,0.2623748779296875
178,9789.924054848887,11762.432762562239,7287,0.26375436782836914
179,9788.743432945592,11938.080874909896,7327,0.2650947570800781
180,9788.743432945592,11707.508558759077,7367,0.2665736675262451
181,9788.743432945592,11216.738661186873,7406,0.26807284355163574
182,9788.743432945592,11357.623168720276,7446,0.2694413661956787
183,9788.743432945592,10870.706599593634,7483,0.27078890800476074
184,9788.743432945592,11785.339683191127,7526,0.2721734046936035
185,9788.430322251073,11365.520019968799,7566,0.273578405380249
186,9788.430322251073,12184.558490680893,7611,0.2751133441925049
187,9788.430322251073,11255.628630772504,7653,0.2765848636627197
188,9788.430322251073,11310.140410113348,7695,0.27814292907714844
189,9788.430322251073,10912.206169932588,7735,0.27970385551452637
190,9788.430322251073,11397.100104598965,7778,0.2814667224884033
191,9788.430322251073,11142.91109005591,7821,0.28294825553894043
192,9668.639504706533,10692.55313512019,7868,0.28470277786254883
193,9668.639504706533,10948.8404941311,7917,0.2863657474517822
194,9668.639504706533,10520.102334203637,7963,0.2882804870605469
195,9668.639504706533,11152.551050061767,8013,0.2899911403656006
196,9668.639504706533,11326.341297115576,8063,0.2918238639831543
197,9668.639504706533,10762.462209323663,8110,0.2934887409210205
198,9668.639504706533,10524.34065777432,8156,0.29540348052978516
199,9668.639504706533,10882.668418751455,8204,0.2973332405090332
200,9519.87550922059,10657.279925252176,8249,0.29894280433654785
201,9519.87550922059,10941.972484560027,8291,0.30043816566467285
202,9519.87550922059,11373.90210725828,8335,0.3019442558288574
203,9519.87550922059,10832.250539295721,8376,0.30338215827941895
204,9519.87550922059,10653.516079977027,8416,0.30486035346984863
205,9519.87550922059,10783.557018831945,8457,0.30628228187561035
206,9519.87550922059,10484.707419522902,8496,0.3076620101928711
207,9519.87550922059,11048.510474408082,8538,0.30914974212646484
208,9519.87550922059,11705.452011068057,8584,0.3108484745025635
209,9519.87550922059,10716.297416330088,8624,0.3122529983520508
210,9519.87550922059,11178.490719305271,8667,0.3137221336364746
211,9519.87550922059,11138.877182269644,8709,0.3153848648071289
212,9519.87550922059,10887.750890149862,8752,0.3168525695800781
213,9519.87550922059,11361.874671585507,8797,0.31870460510253906
214,9519.87550922059,11491.535797864246,8844,0.3203585147857666
215,9519.87550922059,10956.906487844893,8884,0.3217148780822754
216,9519.87550922059,10894.198197518972,8921,0.3229975700378418
217,9519.87550922059,11404.456433717294,8963,0.3243718147277832
218,9519.87550922059,11148.25210431168,9003,0.32578587532043457
219,9519.87550922059,11002.609507117662,9043,0.32723093032836914
220,9519.87550922059,11309.372177236897,9084,0.3285999298095703
221,9519.87550922059,10919.679415280789,9123,0.3300917148590088
222,9519.87550922059,11233.404273208258,9164,0.33153343200683594
223,9519.87550922059,11297.861002550615,9205,0.3329474925994873
224,9519.87550922059,10855.793638676643,9244,0.33431077003479004
225,9519.87550922059,11231.900047982012,9285,0.33574914932250977
226,9519.87550922059,11111.070102499683,9325,0.33716583251953125
227,9519.87550922059,11075.15721043022,9368,0.33881497383117676
228,9519.87550922059,10867.737687820978,9410,0.3402373790740967
229,9519.87550922059,10932.348902726082,9453,0.34169578552246094
230,9519.87550922059,10549.98851111447,9492,0.34311676025390625
231,9519.87550922059,10663.803605157758,9532,0.3445894718170166
232,9519.87550922059,11119.959775464382,9576,0.3461313247680664
233,9519.87550922059,10627.883705951592,9615,0.3479447364807129
234,9519.87550922059,10402.933726965315,9652,0.3493998050689697
235,9453.153678125153,10560.32082033588,9690,0.3511962890625
236,9453.153678125153,10802.866535538977,9728,0.3525714874267578
237,9453.153678125153,11365.685857303806,9769,0.35396909713745117
238,9453.153678125153,10627.284388345077,9806,0.35521769523620605
239,9453.153678125153,11262.121687822424,9846,0.3569164276123047
240,9453.153678125153,10794.928247727503,9883,0.3582634925842285
241,9453.153678125153,11070.280224709126,9922,0.3597218990325928
242,9453.153678125153,11070.1792303316,9961,0.36122822761535645
243,9453.153678125153,10868.842641748171,9999,0.3630657196044922
244,9453.153678125153,10726.75373358731,10039,0.36464929580688477
245,9453.153678125153,11102.644973760498,10084,0.3662741184234619
246,9453.153678125153,11021.330069688234,10128,0.36817121505737305
247,9453.153678125153,10346.905528494244,10168,0.36960840225219727
248,9453.153678125153,10644.038391754282,10210,0.3710622787475586
249,9453.153678125153,10838.301049707614,10254,0.37259602546691895
250,9453.153678125153,11489.893703181435,10302,0.3742401599884033
251,9453.153678125153,11259.218063712366,10348,0.37584924697875977
252,9453.153678125153,10866.680218226264,10392,0.37746381759643555
253,9453.153678125153,10453.046549251692,10434,0.379091739654541
254,9313.763281875286,10952.266435120568,10479,0.3806493282318115
255,9313.763281875286,11098.413620820158,10520,0.3820679187774658
256,9313.763281875286,11171.20135553846,10561,0.38356542587280273
257,9313.763281875286,10866.227920306283,10601,0.38493990898132324
258,9313.763281875286,11220.420805359381,10647,0.3864598274230957
259,9313.763281875286,10591.484333791104,10689,0.38810181617736816
260,9313.763281875286,11058.983976656898,10734,0.3896167278289795
261,9313.763281875286,10702.11419223557,10777,0.3913426399230957
262,9313.763281875286,10733.096749934804,10820,0.39282774925231934
263,9175.14004682948,10942.551487296021,10865,0.3945910930633545
264,9175.14004682948,10826.962406563078,10902,0.3958005905151367
265,9175.14004682948,11478.916655155586,10943,0.3972289562225342
266,9175.14004682948,10725.72989562427,10980,0.3984980583190918
267,9175.14004682948,10846.996987301789,11020,0.3998885154724121
268,9175.14004682948,11073.619041215503,11061,0.4012918472290039
269,9175.14004682948,11130.408438570834,11102,0.40279078483581543
270,9175.14004682948,11055.812124408714,11143,0.40422868728637695
271,9175.14004682948,11160.755117930725,11186,0.40571093559265137
272,9175.14004682948,10535.331558522217,11225,0.40722012519836426
273,9175.14004682948,10409.701963700098,11264,0.4086005687713623
274,9175.14004682948,11415.871441891666,11312,0.4101390838623047
275,9175.14004682948,10711.567692654045,11356,0.41173672676086426
276,9175.14004682948,10897.0414052502,11403,0.41332030296325684
277,9175.14004682948,10377.107859412152,11447,0.41498422622680664
278,9175.14004682948,10516.348379273746,11492,0.4165763854980469
279,9175.14004682948,10749.092715411589,11536,0.41841983795166016
280,9175.14004682948,10821.577774041925,11581,0.4200713634490967
281,9175.14004682948,10714.683356496791,11625,0.4215970039367676
282,9175.14004682948,10702.509645140426,11669,0.4232017993927002
283,9175.14004682948,10581.743524238229,11713,0.4247128963470459
284,9175.14004682948,10809.215359908403,11758,0.4266228675842285
285,9175.14004682948,10809.986886040548,11803,0.42819952964782715
286,9175.14004682948,10708.399578502107,11847,0.42969846725463867
287,9175.14004682948,10682.828012978354,11891,0.4311795234680176
288,9175.14004682948,10675.22194714928,11935,0.43273401260375977
289,9175.14004682948,10813.183010664185,11980,0.43424320220947266
290,9175.14004682948,10385.851275535093,12022,0.4358484745025635
291,9175.14004682948,10789.464157529841,12067,0.43742966651916504
292,9175.14004682948,10905.143982751448,12112,0.43892908096313477
293,9175.14004682948,10728.263407158509,12159,0.4405367374420166
294,9175.14004682948,10644.10774025155,12205,0.4422774314880371
295,9175.14004682948,10622.530482024778,12251,0.4438965320587158
296,9175.14004682948,10673.863051760758,12297,0.44545912742614746
297,9175.14004682948,10767.200522579988,12344,0.44707465171813965
298,9175.14004682948,10609.639864937757,12392,0.4487416744232178
299,9175.14004682948,10512.812379743793,12440,0.4504704475402832
300,9175.14004682948,10359.289832343702,12488,0.4522817134857178
301,9175.14004682948,10695.547838426242,12537,0.45401501655578613
302,9175.14004682948,10864.027732320616,12588,0.4557642936706543
303,9175.14004682948,10809.728534406971,12638,0.4574313163757324
304,9175.14004682948,10901.441504103643,12692,0.45928049087524414
305,9175.14004682948,10254.044646466487,12742,0.46103692054748535
306,9175.14004682948,10618.664154113869,12794,0.4628736972808838
307,9175.14004682948,10969.644180763631,12848,0.46472620964050293
308,9113.470385978346,10552.54301872729,12900,0.46648168563842773
309,9113.470385978346,10192.918560025073,12942,0.46808886528015137
310,9113.470385978346,11407.670579427313,12991,0.46970558166503906
311,9113.470385978346,10369.645615288991,13035,0.4714081287384033
312,9113.470385978346,10838.973029642355,13083,0.47305917739868164
313,9113.470385978346,10294.473782336358,13128,0.47460341453552246
314,9113.470385978346,10432.011863100495,13174,0.4762237071990967
315,9113.470385978346,10170.124606384143,13218,0.4778015613555908
316,9113.470385978346,10132.870918294788,13262,0.47939491271972656
317,9113.470385978346,10702.337635067564,13310,0.4810335636138916
318,9113.470385978346,10553.992837122518,13355,0.4826688766479492
319,9113.470385978346,10660.217802278023,13400,0.4841742515563965
320,9113.470385978346,9897.401317626907,13441,0.48590636253356934
321,9113.470385978346,10526.52025366092,13486,0.48734235763549805
322,9113.470385978346,9969.631464554475,13528,0.48906922340393066
323,9113.470385978346,10165.959223727783,13571,0.4906158447265625
324,9113.470385978346,10366.187990689055,13615,0.4921712875366211
325,9113.470385978346,10297.582529401127,13659,0.49366235733032227
326,9113.470385978346,11023.988975842638,13710,0.4953768253326416
327,9113.470385978346,9749.495886053212,13753,0.4969651699066162
328,9113.470385978346,10000.325564400582,13797,0.498582124710083
329,9113.470385978346,10336.271343847828,13843,0.5001275539398193
330,9113.470385978346,10475.706672951133,13890,0.5018854141235352
331,8951.439105387903,10533.44834442301,13937,0.5034394264221191
332,8951.439105387903,9941.71804080063,13971,0.5046355724334717
333,8951.439105387903,10568.40456334022,14008,0.5061221122741699
334,8951.439105387903,10448.14207031033,14044,0.5073540210723877
335,8951.439105387903,10683.997481579901,14081,0.5086359977722168
336,8951.439105387903,10557.186205637736,14117,0.5098700523376465
337,8951.439105387903,10260.938199260681,14152,0.5112123489379883
338,8951.439105387903,10394.209243511532,14188,0.5125670433044434
339,8951.439105387903,10440.442262722681,14224,0.5138044357299805
340,8951.439105387903,10525.546391934584,14260,0.5154073238372803
341,8843.482860459391,10556.532807372361,14298,0.5167145729064941
342,8843.482860459391,10333.702116231314,14334,0.5180096626281738
343,8843.482860459391,10540.344056538375,14371,0.5192868709564209
344,8843.482860459391,10317.48478825207,14407,0.520592212677002
345,8779.385892338498,10156.420175649906,14442,0.5219113826751709
346,8779.385892338498,10545.198053613081,14479,0.5231587886810303
347,8779.385892338498,10670.793507082995,14517,0.5244112014770508
348,8779.385892338498,9957.320742074005,14552,0.5257012844085693
349,8779.385892338498,10191.3136097442,14588,0.5270757675170898
350,8779.385892338498,10296.295661523627,14625,0.5284864902496338
351,8779.385892338498,10237.926399591846,14662,0.5297942161560059
352,8779.385892338498,10422.808073904387,14699,0.5310666561126709
353,8779.385892338498,10330.3240521944,14735,0.5323305130004883
354,8779.385892338498,9872.050165056728,14770,0.5335919857025146
355,8779.385892338498,10058.458172210143,14806,0.5348954200744629
356,8779.385892338498,9716.151846876788,14840,0.5361554622650146
357,8779.385892338498,9829.887022765788,14875,0.5374155044555664
358,8779.385892338498,10059.158547581044,14911,0.5386896133422852
359,8779.385892338498,10474.824548718694,14951,0.5400741100311279
360,8779.385892338498,9880.183164043114,14987,0.5417592525482178
361,8779.385892338498,10195.023627846384,15025,0.5432240962982178
362,8779.385892338498,9658.570243792612,15060,0.5448935031890869
363,8779.385892338498,10227.498803678192,15099,0.5463206768035889
364,8779.385892338498,9915.836323420523,15136,0.5479514598846436
365,8779.385892338498,10086.99264289143,15174,0.5493168830871582
366,8686.324529364927,10041.50667444204,15212,0.5506846904754639
367,8686.324529364927,10020.056055185905,15251,0.55210280418396
368,8686.324529364927,9805.096623884401,15287,0.5534155368804932
369,8686.324529364927,9980.704092478923,15324,0.5547208786010742
370,8686.324529364927,9991.615230270607,15361,0.5560317039489746
371,8686.324529364927,9805.501336424233,15397,0.5573093891143799
372,8686.324529364927,9592.762709597038,15432,0.558582067489624
373,8686.324529364927,9977.018609728926,15469,0.5598480701446533
374,8686.324529364927,9570.106770731974,15504,0.5610837936401367
375,8686.324529364927,10552.578814040613,15543,0.562385082244873
376,8686.324529364927,10069.394393972707,15579,0.5637538433074951
377,8686.324529364927,9455.432227744135,15612,0.5650501251220703
378,8686.324529364927,9874.253178907775,15647,0.5663120746612549
379,8686.324529364927,9802.684454873088,15682,0.5675525665283203
380,8686.324529364927,9965.087474020253,15718,0.5688354969024658
381,8686.324529364927,9824.977850352938,15753,0.5700979232788086
382,8686.324529364927,9654.855627839132,15787,0.5715277194976807
383,8686.324529364927,10233.31231146409,15824,0.5728144645690918
384,8686.324529364927,10613.760879288591,15863,0.5742058753967285
385,8686.324529364927,10020.280007442689,15899,0.5755701065063477
386,8686.324529364927,9671.495535207292,15933,0.5768823623657227
387,8686.324529364927,10038.647757499655,15969,0.5783126354217529
388,8686.324529364927,9829.369658700425,16006,0.5796222686767578
389,8686.324529364927,9831.382082569431,16043,0.5809147357940674
390,8686.324529364927,10347.164643975282,16083,0.5822992324829102
391,8686.324529364927,10199.334744592486,16122,0.5838289260864258
392,8686.324529364927,10268.10928688893,16161,0.5851662158966064
393,8686.324529364927,10238.99715273052,16200,0.586571216583252
394,8686.324529364927,9939.882968336848,16240,0.5881557464599609
395,8686.324529364927,9810.348826621945,16280,0.5896406173706055
396,8686.324529364927,9999.73132837215,16321,0.5910332202911377
397,8686.324529364927,9640.380972304818,16360,0.5924696922302246
398,8686.324529364927,10385.18925763943,16403,0.5939488410949707
399,8686.324529364927,10101.6448516925,16445,0.5955948829650879
400,8686.324529364927,9810.62588968119,16485,0.5970413684844971
401,8686.324529364927,10170.802031415751,16527,0.598515510559082
402,8686.324529364927,10346.154395771568,16570,0.599973201751709
403,8686.324529364927,10338.753006769975,16613,0.6014852523803711
404,8686.324529364927,10010.569922578154,16654,0.6029131412506104
405,8686.324529364927,10204.159540139137,16696,0.6045308113098145
406,8686.324529364927,10240.132231626418,16738,0.605968713760376
407,8686.324529364927,10216.253126862284,16780,0.6075143814086914
408,8686.324529364927,10575.137907370525,16824,0.6089890003204346
409,8686.324529364927,10231.369250990392,16866,0.610464334487915
410,8686.324529364927,10801.806552801947,16911,0.611957311630249
411,8686.324529364927,10221.046918190765,16952,0.613469123840332
412,8686.324529364927,10436.467966729715,16995,0.6151454448699951
413,8686.324529364927,10579.15483247834,17039,0.6166036128997803
414,8686.324529364927,10214.0635825417,17082,0.6181094646453857
415,8686.324529364927,10058.252057767217,17121,0.619452953338623
416,8686.324529364927,10810.771494331497,17164,0.6208479404449463
417,8686.324529364927,10220.991856146162,17204,0.6223084926605225
418,8686.324529364927,10289.111181269247,17244,0.6236770153045654
419,8686.324529364927,10169.353584267366,17283,0.6250498294830322
420,8686.324529364927,10469.587261699036,17324,0.626612663269043
421,8686.324529364927,10655.557532575882,17366,0.6282761096954346
422,8686.324529364927,9745.581605753485,17403,0.6298692226409912
423,8686.324529364927,10274.979502491977,17443,0.6313648223876953
424,8686.324529364927,10564.560951934192,17485,0.6328864097595215
425,8686.324529364927,10317.6171946076,17526,0.6342544555664062
426,8686.324529364927,10050.5065529286,17565,0.6356348991394043
427,8686.324529364927,10564.32500185357,17607,0.6370313167572021
428,8686.324529364927,10081.996042184739,17646,0.6384358406066895
429,8686.324529364927,10422.731896094181,17687,0.6399631500244141
430,8686.324529364927,10651.838004986796,17729,0.6413297653198242
431,8686.324529364927,10213.311004887319,17769,0.6427788734436035
432,8686.324529364927,10031.53793835146,17808,0.6441383361816406
433,8686.324529364927,10052.064183473596,17847,0.6455204486846924
434,8686.324529364927,10775.10839150533,17890,0.6469690799713135
435,8686.324529364927,10444.503819118261,17931,0.6483838558197021
436,8686.324529364927,10130.516782164023,17970,0.649768590927124
437,8686.324529364927,10249.793498263567,18009,0.6511149406433105
438,8686.324529364927,10223.998618335048,18048,0.6524791717529297
439,8686.324529364927,10395.840137295967,18088,0.6539475917816162
440,8686.324529364927,10549.172144815155,18129,0.6553146839141846
441,8686.324529364927,10047.982250778867,18167,0.656627893447876
442,8686.324529364927,10741.715393294264,18209,0.6580672264099121
443,8686.324529364927,10107.121926522506,18247,0.6593911647796631
444,8686.324529364927,10582.20740883755,18288,0.660874605178833
445,8686.324529364927,10439.706298053121,18328,0.6622395515441895
446,8686.324529364927,10570.35102476235,18368,0.6636037826538086
447,8686.324529364927,10049.905439805338,18406,0.6649460792541504
448,8686.324529364927,10790.781465455995,18448,0.6663529872894287
449,8686.324529364927,10771.497219548904,18490,0.6677422523498535
450,8686.324529364927,10151.008713095373,18528,0.6691925525665283
451,8686.324529364927,10993.715489346154,18570,0.6705360412597656
452,8686.324529364927,10592.213008157614,18609,0.6719658374786377
453,8686.324529364927,11156.468425328794,18652,0.673325777053833
454,8686.324529364927,10017.423372128287,18686,0.6745345592498779
455,8686.324529364927,11073.62628473463,18731,0.6761839389801025
456,8686.324529364927,10309.082104483092,18772,0.6776776313781738
457,8686.324529364927,10251.486696037135,18813,0.6791577339172363
458,8686.324529364927,10375.231234508321,18854,0.6806910037994385
459,8686.324529364927,10410.479272737546,18896,0.6820859909057617
460,8686.324529364927,10587.650816654677,18939,0.6835510730743408
461,8686.324529364927,10307.508780628688,18980,0.6850588321685791
462,8659.249610028157,10910.794662892937,19025,0.6865882873535156
463,8659.249610028157,10422.110741755334,19068,0.6881434917449951
464,8659.249610028157,10740.861725637367,19115,0.6896474361419678
465,8659.249610028157,9928.10464641549,19159,0.6911869049072266
466,8659.249610028157,10450.792914133692,19206,0.692861795425415
467,8659.249610028157,10581.498803075623,19253,0.6944589614868164
468,8659.249610028157,10158.659497022762,19298,0.6960108280181885
469,8659.249610028157,10642.234994139015,19346,0.6977102756500244
470,8617.613662596505,10084.073728595338,19391,0.6993491649627686
471,8617.613662596505,10511.453220338979,19438,0.7009608745574951
472,8617.613662596505,11073.467722092126,19488,0.7026638984680176
473,8617.613662596505,10234.001554699827,19533,0.7041947841644287
474,8617.613662596505,10474.395713674829,19580,0.705988883972168
475,8617.613662596505,10268.801378328024,19625,0.70754075050354
476,8617.613662596505,10717.190079995433,19673,0.7091548442840576
477,8617.613662596505,10826.991922370053,19721,0.7108292579650879
478,8617.613662596505,10368.72136593496,19770,0.7125988006591797
479,8617.613662596505,10388.524669997165,19819,0.7144978046417236
480,8617.613662596505,9886.862918502673,19866,0.7162048816680908
481,8617.613662596505,10114.576020281589,19914,0.7178373336791992
482,8617.613662596505,10349.224932661493,19964,0.7195589542388916
483,8617.613662596505,10145.073671604992,20011,0.7212953567504883
484,8617.613662596505,10534.168078792502,20060,0.7229743003845215
485,8617.613662596505,9973.190076449791,20105,0.7245478630065918
486,8617.613662596505,10040.863169406826,20154,0.7262625694274902
487,8617.613662596505,10386.436972338975,20206,0.7281897068023682
488,8617.613662596505,9975.895197925895,20253,0.72975754737854
489,8594.824246424881,10406.095380862515,20302,0.731400728225708
490,8594.824246424881,10231.358200685507,20353,0.7331829071044922
491,8594.824246424881,9703.174412945214,20403,0.7352309226989746
492,8594.824246424881,10061.043917835912,20454,0.7371077537536621
493,8594.824246424881,10334.207638075062,20507,0.7390258312225342
494,8594.824246424881,9812.498351410975,20557,0.7408442497253418
495,8594.824246424881,10036.638726820604,20608,0.7427887916564941
496,8594.824246424881,10433.29725972982,20661,0.7445993423461914
497,8594.824246424881,9997.29300154644,20712,0.7463939189910889
498,8594.824246424881,9791.881810030483,20762,0.7481963634490967
499,8594.824246424881,9520.47740011507,20811,0.7499649524688721
500,8594.824246424881,9951.174437565533,20862,0.7517766952514648
501,8594.824246424881,9755.13517303765,20912,0.7534914016723633
502,8594.824246424881,10106.654095147947,20964,0.7553541660308838
503,8594.824246424881,10133.938356782472,21016,0.7573063373565674
504,8594.824246424881,10200.280425867804,21068,0.7591378688812256
505,8594.824246424881,9703.928533882774,21118,0.7609779834747314
506,8577.908490895878,10161.042090190904,21172,0.762824535369873
507,8577.908490895878,9855.596696532159,21225,0.7646751403808594
508,8577.908490895878,9976.961706931299,21279,0.7664699554443359
509,8577.908490895878,9537.649237205735,21330,0.7684643268585205
510,8577.908490895878,10095.439881858323,21384,0.7704939842224121
511,8577.908490895878,9783.386850579811,21436,0.7723269462585449
512,8577.908490895878,9624.587157183967,21487,0.774132490158081
513,8577.908490895878,9406.004824085634,21537,0.775921106338501
514,8577.908490895878,9625.030234874455,21588,0.7777290344238281
515,8577.908490895878,9832.985684463047,21640,0.7795720100402832
516,8577.908490895878,9858.55111365615,21687,0.7811927795410156
517,8577.908490895878,10057.367433562975,21735,0.7828357219696045
518,8577.908490895878,9756.700474973242,21781,0.7844147682189941
519,8577.908490895878,9504.418306370448,21826,0.7860114574432373
520,8422.396552284019,10020.997938250097,21874,0.7877748012542725
521,8422.396552284019,9890.893310289113,21912,0.7891395092010498
522,8422.396552284019,10136.741091372687,21951,0.790440559387207
523,8422.396552284019,9832.041922465445,21988,0.7917540073394775
524,8422.396552284019,9802.98878385497,22025,0.7930283546447754
525,8422.396552284019,9936.296028140929,22063,0.7943222522735596
526,8422.396552284019,9993.495845931648,22101,0.7957766056060791
527,8422.396552284019,9932.858616292415,22139,0.7970707416534424
528,8422.396552284019,10285.43531200503,22179,0.7984342575073242
529,8422.396552284019,10081.89389235066,22217,0.7997782230377197
530,8422.396552284019,10058.980595914256,22256,0.8011782169342041
531,8422.396552284019,9978.434113752977,22295,0.8025517463684082
532,8422.396552284019,9799.751069752187,22333,0.8039677143096924
533,8422.396552284019,10133.804209504298,22373,0.8053786754608154
534,8422.396552284019,10005.516434395628,22412,0.8069400787353516
535,8422.396552284019,10279.71798903757,22452,0.8083112239837646
536,8422.396552284019,10000.104292919112,22491,0.8096368312835693
537,8422.396552284019,9896.660694175956,22532,0.8111903667449951
538,8422.396552284019,10180.306726799517,22574,0.8126702308654785
539,8422.396552284019,10168.621280342877,22616,0.8141202926635742
540,8422.396552284019,9845.250361905162,22656,0.8154892921447754
541,8422.396552284019,10210.707733137078,22698,0.816866397857666
542,8422.396552284019,10346.114073818582,22740,0.8184261322021484
543,8422.396552284019,9986.296746392396,22780,0.819812536239624
544,8422.396552284019,10076.965486682351,22821,0.8212020397186279
545,8422.396552284019,10382.932430879506,22864,0.8226597309112549
546,8422.396552284019,10075.870723744776,22905,0.8241322040557861
547,8422.396552284019,10464.113586297672,22948,0.8255715370178223
548,8422.396552284019,10413.831398941566,22990,0.8269639015197754
549,8422.396552284019,10180.779762063388,23031,0.8283360004425049
550,8422.396552284019,10298.654073828582,23073,0.8297560214996338
551,8422.396552284019,10239.694965506562,23115,0.8311383724212646
552,8422.396552284019,10183.543259674998,23156,0.832587718963623
553,8422.396552284019,10126.003223640035,23197,0.834078311920166
554,8422.396552284019,10325.173173702678,23239,0.8356935977935791
555,8422.396552284019,10378.813778498947,23281,0.8373963832855225
556,8422.396552284019,10245.220982813416,23323,0.8389501571655273
557,8422.396552284019,10098.212984033114,23364,0.8405742645263672
558,8422.396552284019,10348.624929438987,23407,0.8420219421386719
559,8422.396552284019,10220.290489190094,23449,0.8434653282165527
560,8422.396552284019,10362.26859176374,23491,0.8449184894561768
561,8422.396552284019,10629.569221006883,23535,0.8463773727416992
562,8422.396552284019,10239.847842128098,23576,0.8478574752807617
563,8422.396552284019,10374.664545222704,23619,0.849318265914917
564,8422.396552284019,10294.401349677377,23661,0.8507373332977295
565,8422.396552284019,10145.092952512623,23702,0.8521490097045898
566,8422.396552284019,10345.762432037884,23744,0.8536362648010254
567,8422.396552284019,10594.494616165031,23787,0.8551313877105713
568,8422.396552284019,10446.545179133429,23828,0.8566296100616455
569,8422.396552284019,10809.487095447723,23871,0.8581774234771729
570,8422.396552284019,10527.325630827163,23912,0.8595700263977051
571,8422.396552284019,10289.864408098518,23952,0.8609168529510498
572,8422.396552284019,10313.361716586825,23993,0.8622879981994629
573,8422.396552284019,10230.851421729818,24034,0.8636417388916016
574,8422.396552284019,10571.839333097663,24076,0.8651168346405029
575,8422.396552284019,10510.98043944621,24118,0.8665249347686768
576,8422.396552284019,10241.145430227816,24158,0.8682646751403809
577,8422.396552284019,10424.245974395104,24201,0.8696837425231934
578,8422.396552284019,10436.643065880402,24243,0.8711059093475342
579,8422.396552284019,10485.936596240828,24286,0.8726720809936523
580,8422.396552284019,10220.950900970356,24327,0.874108076095581
581,8422.396552284019,10438.015247016876,24369,0.8755815029144287
582,8422.396552284019,10352.826628561106,24410,0.8771076202392578
583,8422.396552284019,10481.089376242888,24452,0.878587007522583
584,8422.396552284019,10096.19051224547,24492,0.8802042007446289
585,8422.396552284019,10309.241869227322,24534,0.8816437721252441
586,8422.396552284019,10365.586645895128,24576,0.8830726146697998
587,8422.396552284019,10217.617021604829,24618,0.8845152854919434
588,8422.396552284019,10118.943764930214,24659,0.8858637809753418
589,8422.396552284019,10516.129164722295,24702,0.8875081539154053
590,8422.396552284019,10257.32964072716,24744,0.8889060020446777
591,8422.396552284019,10291.09267080949,24786,0.8903896808624268
592,8422.396552284019,10204.526420905278,24828,0.8918271064758301
593,8422.396552284019,10410.184132104045,24871,0.8933141231536865
594,8422.396552284019,10764.724071433855,24910,0.8945932388305664
595,8422.396552284019,10298.797024866833,24946,0.8957693576812744
596,8422.396552284019,10730.605238670953,24984,0.8971009254455566
597,8422.396552284019,10279.160222229377,25020,0.8984553813934326
598,8422.396552284019,10591.22835393465,25058,0.8997306823730469
599,8422.396552284019,10794.907291697898,25097,0.9010193347930908
600,8422.396552284019,10580.133280043952,25131,0.9022190570831299
601,8422.396552284019,10421.985736606857,25165,0.903419017791748
602,8422.396552284019,10400.232985558141,25199,0.9045906066894531
603,8422.396552284019,10406.168001226291,25233,0.9058055877685547
604,8422.396552284019,10232.95152600545,25267,0.9069833755493164
605,8422.396552284019,10405.28531812864,25301,0.908191442489624
606,8422.396552284019,10202.585734361002,25334,0.909353494644165
607,8422.396552284019,10548.279402716118,25369,0.9105608463287354
608,8422.396552284019,10553.133413366864,25403,0.9118044376373291
609,8422.396552284019,11145.468058883524,25440,0.9129970073699951
610,8422.396552284019,10587.400524248027,25473,0.9141998291015625
611,8422.396552284019,10654.665331161632,25507,0.915388822555542
612,8422.396552284019,10556.070970684814,25541,0.9165325164794922
613,8422.396552284019,10633.047084571544,25576,0.91778564453125
614,8422.396552284019,10447.895076963649,25610,0.9189527034759521
615,8422.396552284019,10798.817305563753,25646,0.9200665950775146
616,8422.396552284019,10476.48437790597,25680,0.9211924076080322
617,8422.396552284019,10806.928597014297,25715,0.9224028587341309
618,8422.396552284019,10451.739310632762,25749,0.9235942363739014
619,8422.396552284019,10692.878604034755,25784,0.9247570037841797
620,8422.396552284019,10569.158166459889,25818,0.9258675575256348
621,8422.396552284019,10840.717163924379,25854,0.9270551204681396
622,8422.396552284019,10572.00212115171,25888,0.9284582138061523
623,8422.396552284019,10549.011651923638,25923,0.9296970367431641
624,8422.396552284019,10808.509452699802,25959,0.9309029579162598
625,8422.396552284019,10467.340934391008,25997,0.9324214458465576
626,8422.396552284019,10320.221424986192,26034,0.9336774349212646
627,8422.396552284019,10203.759928627302,26072,0.9349894523620605
628,8422.396552284019,10091.394196978454,26109,0.9362707138061523
629,8422.396552284019,10803.615217610695,26150,0.9375348091125488
630,8422.396552284019,10473.11915899904,26189,0.9390065670013428
631,8422.396552284019,10368.20480651389,26227,0.9402327537536621
632,8422.396552284019,10671.46834013363,26267,0.9417774677276611
633,8422.396552284019,10627.509595951724,26306,0.9430911540985107
634,8422.396552284019,10591.249854564867,26345,0.9444513320922852
635,8422.396552284019,10733.5128100146,26385,0.945868730545044
636,8422.396552284019,10688.474297419498,26424,0.9472157955169678
637,8422.396552284019,10551.05891508092,26463,0.9486501216888428
638,8422.396552284019,10489.951562447068,26502,0.949953556060791
639,8422.396552284019,10260.092915485024,26539,0.9512064456939697
640,8422.396552284019,10714.341299109177,26579,0.9525859355926514
641,8422.396552284019,10406.65782617654,26618,0.9539017677307129
642,8422.396552284019,10961.219729310136,26659,0.9553012847900391
643,8422.396552284019,10289.405383719144,26697,0.9565904140472412
644,8422.396552284019,10539.921527730017,26736,0.9580202102661133
645,8422.396552284019,10382.115703099846,26774,0.9594268798828125
646,8422.396552284019,10576.409173929698,26813,0.9607932567596436
647,8422.396552284019,11008.246568145685,26854,0.962151288986206
648,8422.396552284019,10705.762084614786,26890,0.963390588760376
649,8407.602153717495,10276.245792038073,26924,0.9645731449127197
650,8407.602153717495,10123.69552449312,26962,0.9659848213195801
651,8407.602153717495,10532.602601115543,27003,0.9673235416412354
652,8407.602153717495,10202.837870175752,27042,0.968618631362915
653,8407.602153717495,10029.883946116217,27080,0.9699416160583496
654,8407.602153717495,11046.880424560968,27123,0.9714484214782715
655,8407.602153717495,10179.123049788195,27162,0.9729630947113037
656,8407.602153717495,10246.3185838442,27201,0.9742569923400879
657,8407.602153717495,10339.983991602578,27241,0.9756214618682861
658,8407.602153717495,9873.4084775917,27279,0.9770028591156006
659,8407.602153717495,10093.339566040453,27318,0.9783651828765869
660,8407.602153717495,9832.309766644337,27355,0.979691743850708
661,8407.602153717495,11195.45505663355,27399,0.9810998439788818
662,8407.602153717495,10762.878973038436,27442,0.9825472831726074
663,8407.602153717495,9713.638901560642,27479,0.9838478565216064
664,8407.602153717495,9848.045793604319,27517,0.9853401184082031
665,8407.602153717495,10246.604407592013,27558,0.9867370128631592
666,8407.602153717495,9878.152949963636,27597,0.988131046295166
667,8407.602153717495,10345.818110903017,27638,0.9895758628845215
668,8407.602153717495,10089.521069784132,27678,0.991102933883667
669,8407.602153717495,10664.735458422754,27720,0.9925060272216797
670,8407.602153717495,10292.429826662243,27760,0.9938993453979492
671,8407.602153717495,10015.186407823743,27798,0.9953446388244629
672,8407.602153717495,10087.364118598598,27837,0.9966695308685303
673,8407.602153717495,9786.32332459285,27875,0.9980592727661133
674,8407.602153717495,10353.548491224004,27917,0.999525785446167
675,8407.602153717495,9869.91147474639,27957,1.000901222229004
676,8407.602153717495,10153.763155088218,27999,1.0023000240325928
677,8407.602153717495,9733.437577571078,28038,1.0037086009979248
678,8407.602153717495,9709.136954889187,28077,1.0051195621490479
679,8407.602153717495,10477.5502166763,28120,1.0065851211547852
680,8407.602153717495,11070.351832050776,28165,1.0081045627593994
681,8407.602153717495,10234.577965635246,28206,1.0095937252044678
682,8407.602153717495,9493.180271868552,28243,1.011033058166504
683,8407.602153717495,10368.869777038133,28285,1.012491226196289
684,8407.602153717495,10167.02751247795,28326,1.0139014720916748
685,8407.602153717495,9632.35296831032,28365,1.0152935981750488
686,8407.602153717495,9805.756630137126,28405,1.016779899597168
687,8407.602153717495,10064.841486457863,28447,1.0183601379394531
688,8407.602153717495,9475.6106064895,28485,1.0197010040283203
689,8407.602153717495,10333.716727027264,28528,1.0211119651794434
690,8407.602153717495,9763.93182047019,28568,1.0224871635437012
691,8407.602153717495,10196.027611317139,28610,1.0239202976226807
692,8407.602153717495,9697.21242054219,28649,1.0253331661224365
693,8407.602153717495,10403.626138358664,28692,1.0267484188079834
694,8407.602153717495,9479.524148846776,28730,1.02809739112854
695,8407.602153717495,10443.640860187905,28773,1.0295383930206299
696,8407.602153717495,9544.778585694312,28813,1.0309560298919678
697,8407.602153717495,9926.218912480237,28855,1.0323576927185059
698,8407.602153717495,9733.063410065673,28896,1.033796787261963
699,8407.602153717495,10391.02160224679,28940,1.0352199077606201
700,8407.602153717495,10257.297760852785,28983,1.0366365909576416
701,8407.602153717495,9950.661150197182,29024,1.0382449626922607
702,8407.602153717495,9871.488419121402,29065,1.039642333984375
703,8407.602153717495,10249.165044656693,29108,1.041191816329956
704,8407.602153717495,9285.618175870435,29146,1.0426464080810547
705,8407.602153717495,9822.940376656632,29187,1.0440740585327148
706,8407.602153717495,10590.467739276713,29232,1.0458459854125977
707,8407.602153717495,10295.548289441813,29275,1.0473582744598389
708,8407.602153717495,9954.33504242866,29316,1.0487582683563232
709,8407.602153717495,9996.53323359868,29357,1.050126552581787
710,8407.602153717495,9762.773995798232,29398,1.051753044128418
711,8407.602153717495,9634.250382704484,29438,1.053131103515625
712,8407.602153717495,9598.908648974935,29478,1.054551601409912
713,8407.602153717495,9516.589742605262,29518,1.0560050010681152
714,8407.602153717495,10317.48595611122,29560,1.0575175285339355
715,8407.602153717495,10002.82099491288,29600,1.0588905811309814
716,8407.602153717495,10107.873085361038,29640,1.0601739883422852
717,8407.602153717495,10204.068577981676,29681,1.0616300106048584
718,8407.602153717495,9673.76511930183,29719,1.062936544418335
719,8407.602153717495,10254.035833113432,29760,1.0643081665039062
720,8407.602153717495,10191.294593966355,29801,1.06565260887146
721,8407.602153717495,9636.536404287712,29839,1.0670392513275146
722,8407.602153717495,10194.508571858732,29880,1.0685722827911377
723,8407.602153717495,9952.66661497524,29920,1.0699222087860107
724,8407.602153717495,10032.594268816834,29960,1.0714101791381836
725,8407.602153717495,10048.976976965821,30000,1.0729010105133057
726,8407.602153717495,9686.778405738964,30038,1.0742130279541016
727,8407.602153717495,10495.222807795355,30080,1.0756359100341797
728,8407.602153717495,9859.55047948713,30122,1.0772137641906738
729,8407.602153717495,9875.859145279212,30163,1.0786759853363037
730,8407.602153717495,9738.75296934799,30209,1.0804028511047363
731,8407.602153717495,9496.160262097277,30256,1.082038164138794
732,8407.602153717495,9789.338305792242,30305,1.0837016105651855
733,8407.602153717495,9077.6160692796,30350,1.0852797031402588
734,8407.602153717495,9257.003947060497,30396,1.0868744850158691
735,8407.602153717495,9213.23220219032,30442,1.088536024093628
736,8407.602153717495,9584.710784535611,30490,1.090301752090454
737,8407.602153717495,9384.615010716885,30537,1.091991901397705
738,8407.602153717495,9800.561730586038,30586,1.0937080383300781
739,8407.602153717495,9989.15722641396,30636,1.0955853462219238
740,8407.602153717495,9623.74068072611,30684,1.0972893238067627
741,8361.325802194422,9838.6537226854,30733,1.0990021228790283
742,8361.325802194422,9509.153814084111,30778,1.1005983352661133
743,8361.325802194422,9875.548384707281,30825,1.1023051738739014
744,8361.325802194422,9450.471461411533,30870,1.1038775444030762
745,8361.325802194422,10062.811036679126,30918,1.1055140495300293
746,8361.325802194422,9935.785384704488,30965,1.1071219444274902
747,8361.325802194422,9594.669664099256,31010,1.1086571216583252
748,8361.325802194422,9373.34219384562,31054,1.110163927078247
749,8361.325802194422,10156.601547219003,31102,1.1118032932281494
750,8361.325802194422,9897.375952638155,31149,1.1136722564697266
751,8361.325802194422,9565.156488994546,31194,1.1152832508087158
752,8361.325802194422,9683.97146769539,31240,1.116960048675537
753,8361.325802194422,9694.334839376032,31287,1.1186938285827637
754,8361.325802194422,9489.67151753781,31333,1.1202795505523682
755,8361.325802194422,9314.296982200207,31378,1.121856927871704
756,8361.325802194422,9805.246984980116,31426,1.1234848499298096
757,8361.325802194422,10073.297099527117,31475,1.1251611709594727
758,8361.325802194422,9579.291542585754,31521,1.1267585754394531
759,8361.325802194422,10340.828519605384,31571,1.128462553024292
760,8361.325802194422,9371.366008929055,31616,1.130019187927246
761,8361.325802194422,9704.56830095501,31663,1.1316783428192139
762,8361.325802194422,9470.665221380685,31709,1.1333088874816895
763,8361.325802194422,9297.22569053894,31754,1.1349802017211914
764,8361.325802194422,10456.47742185754,31805,1.1366562843322754
765,8361.325802194422,9612.111813089225,31852,1.1384010314941406
766,8361.325802194422,9524.715053015947,31898,1.1399767398834229
767,8361.325802194422,9511.995858229073,31944,1.1418020725250244
768,8361.325802194422,9773.183860309098,31992,1.1434028148651123
769,8361.325802194422,10092.88824553848,32041,1.145312786102295
770,8361.325802194422,9958.052889632638,32089,1.147019386291504
771,8361.325802194422,9527.945498829247,32135,1.148658275604248
772,8361.325802194422,9667.671027168628,32182,1.1502830982208252
773,8361.325802194422,9604.127949294849,32229,1.1519262790679932
774,8361.325802194422,9595.107265297289,32277,1.153660774230957
775,8361.325802194422,9632.817290008014,32323,1.1552224159240723
776,8361.325802194422,9632.51834945343,32369,1.1568500995635986
777,8361.325802194422,9750.790613588944,32415,1.1585075855255127
778,8361.325802194422,9905.317054790205,32462,1.1601550579071045
779,8361.325802194422,9701.326854695686,32508,1.1617989540100098
780,8361.325802194422,9496.745364584356,32553,1.1634571552276611
781,8361.325802194422,9783.879768671666,32600,1.1651546955108643
782,8361.325802194422,9624.619986616599,32646,1.1668071746826172
783,8361.325802194422,9630.08248612401,32692,1.168370246887207
784,8361.325802194422,9728.658240603974,32738,1.1699588298797607
785,8361.325802194422,9631.024752157715,32784,1.1716041564941406
786,8361.325802194422,9303.785830148856,32828,1.17319917678833
787,8361.325802194422,9699.532721887885,32874,1.1748814582824707
788,8361.325802194422,10131.977941439338,32922,1.176447868347168
789,8361.325802194422,9991.678229017252,32969,1.1783080101013184
790,8361.325802194422,9707.320397638985,33015,1.1800885200500488
791,8361.325802194422,9711.586659059172,33061,1.181647777557373
792,8361.325802194422,9076.092598179926,33104,1.1831932067871094
793,8361.325802194422,9227.698638085694,33148,1.184816598892212
794,8361.325802194422,9873.05958323586,33195,1.186544418334961
795,8361.325802194422,9978.432355130482,33243,1.188201665878296
796,8361.325802194422,9594.453145992227,33289,1.1899316310882568
797,8361.325802194422,9906.912217320338,33336,1.1915123462677002
798,8361.325802194422,9730.208703539156,33382,1.1930506229400635
799,8361.325802194422,9853.579369560797,33429,1.1949024200439453
800,8361.325802194422,9665.97021422535,33475,1.1964643001556396
801,8361.325802194422,9695.169497238496,33522,1.198038101196289
802,8361.325802194422,9652.136751632415,33572,1.1997308731079102
803,8361.325802194422,9418.491199185491,33621,1.2016370296478271
804,8361.325802194422,10011.82928336966,33673,1.2034330368041992
805,8361.325802194422,9620.974405456176,33724,1.2054572105407715
806,8361.325802194422,9464.091153281614,33774,1.2073345184326172
807,8361.325802194422,9909.606880459194,33826,1.2092173099517822
808,8361.325802194422,9566.434741961804,33877,1.210967779159546
809,8361.325802194422,9580.9514970559,33928,1.2127854824066162
810,8361.325802194422,9766.047691816804,33983,1.214906930923462
811,8361.325802194422,9613.726061262134,34037,1.2167332172393799
812,8361.325802194422,9755.948591024044,34092,1.2186274528503418
813,8361.325802194422,9225.124262273359,34144,1.2203984260559082
814,8361.325802194422,9509.408051246786,34197,1.2224628925323486
815,8361.325802194422,9707.160534507637,34252,1.2243139743804932
816,8361.325802194422,9568.44749688636,34306,1.2262139320373535
817,8361.325802194422,9443.077562378041,34359,1.2280209064483643
818,8361.325802194422,9842.879346312622,34414,1.2300469875335693
819,8361.325802194422,9612.30142534432,34468,1.2319786548614502
820,8361.325802194422,9756.227937706366,34519,1.2337512969970703
821,8361.325802194422,9873.78101576733,34570,1.2356510162353516
822,8361.325802194422,9542.913980054409,34620,1.237483263015747
823,8361.325802194422,9579.277156258671,34670,1.2392587661743164
824,8361.325802194422,9633.121476042646,34720,1.2409396171569824
825,8361.325802194422,9798.198701915644,34771,1.2427003383636475
826,8361.325802194422,9856.798923481716,34822,1.244429349899292
827,8361.325802194422,9511.951863111559,34871,1.2462117671966553
828,8361.325802194422,9883.020004015416,34923,1.2480874061584473
829,8361.325802194422,9445.748385225399,34972,1.2497458457946777
830,8361.325802194422,9724.879581411715,35023,1.251417875289917
831,8361.325802194422,9390.128065876317,35072,1.253183364868164
832,8361.325802194422,9178.50403927309,35120,1.2550249099731445
833,8361.325802194422,9592.021300483402,35170,1.2568042278289795
834,8361.325802194422,10151.046564564944,35223,1.2587783336639404
835,8361.325802194422,9438.365071726525,35272,1.2607297897338867
836,8361.325802194422,9455.701997079721,35321,1.2625234127044678
837,8361.325802194422,9615.60137375862,35371,1.2642881870269775
838,8361.325802194422,9789.76065824412,35422,1.2660555839538574
839,8361.325802194422,9452.703263806254,35471,1.2677879333496094
840,8361.325802194422,9608.637588114307,35521,1.2696948051452637
841,8361.325802194422,9648.665783363509,35571,1.271425724029541
842,8361.325802194422,9824.775802462627,35622,1.2733607292175293
843,8361.325802194422,9861.240351491142,35670,1.2752583026885986
844,8361.325802194422,9038.315318848348,35714,1.2769277095794678
845,8361.325802194422,9528.691054494097,35761,1.2786078453063965
846,8361.325802194422,9720.04758565186,35809,1.2802832126617432
847,8361.325802194422,9216.23907453961,35854,1.2818751335144043
848,8361.325802194422,9901.04929136775,35903,1.2835242748260498
849,8361.325802194422,9558.646270725363,35950,1.285210371017456
850,8361.325802194422,9427.419980347748,35996,1.2868688106536865
851,8361.325802194422,9013.087773516045,36040,1.2886414527893066
852,8361.325802194422,9922.967863981457,36089,1.290356159210205
853,8361.325802194422,10047.327000847095,36139,1.292006015777588
854,8361.325802194422,9537.773331658227,36186,1.2936131954193115
855,8361.325802194422,9020.421204911669,36230,1.295210361480713
856,8361.325802194422,9405.993913611743,36276,1.2968919277191162
857,8361.325802194422,9666.858466472482,36323,1.2984881401062012
858,8361.325802194422,9443.434967024223,36369,1.3000404834747314
859,8361.325802194422,9148.010183349235,36414,1.3017480373382568
860,8361.325802194422,9599.299743867732,36461,1.303438663482666
861,8361.325802194422,9773.739064210911,36509,1.305119276046753
862,8361.325802194422,9621.440464436771,36556,1.3067636489868164
863,8361.325802194422,9810.132537619147,36604,1.3084609508514404
864,8361.325802194422,9450.712204258783,36650,1.3101322650909424
865,8361.325802194422,9236.849392931452,36695,1.3117759227752686
866,8361.325802194422,9975.329872226894,36744,1.313380479812622
867,8361.325802194422,10090.334342859333,36793,1.315047264099121
868,8361.325802194422,9429.07098934444,36839,1.3168456554412842
869,8361.325802194422,8988.028773504495,36883,1.3184139728546143
870,8361.325802194422,9892.105690908262,36932,1.3200843334197998
871,8361.325802194422,9617.689951716662,36979,1.3219079971313477
872,8361.325802194422,9604.169123622989,37026,1.3235337734222412
873,8361.325802194422,9597.201431140598,37073,1.3251888751983643
874,8361.325802194422,10171.70817394579,37123,1.32688307762146
875,8361.325802194422,9111.344323576799,37167,1.32847261428833
876,8361.325802194422,9291.12462628894,37212,1.330064058303833
877,8361.325802194422,10374.460946259374,37263,1.3317742347717285
878,8361.325802194422,10057.488223709077,37312,1.3333961963653564
879,8361.325802194422,9341.339230165322,37357,1.3350226879119873
880,8361.325802194422,9299.193755469776,37404,1.3366456031799316
881,8361.325802194422,10143.724528768395,37456,1.3384199142456055
882,8361.325802194422,9839.174900989174,37506,1.3403372764587402
883,8361.325802194422,9277.265305297928,37553,1.3420069217681885
884,8361.325802194422,9423.608338711789,37601,1.3436369895935059
885,8361.325802194422,9461.23415776774,37649,1.3454804420471191
886,8361.325802194422,9814.560539311817,37699,1.347377061843872
887,8361.325802194422,10388.142672888187,37752,1.3491358757019043
888,8361.325802194422,10130.888217880922,37803,1.3509624004364014
889,8361.325802194422,9577.830765741292,37851,1.3527402877807617
890,8361.325802194422,9606.648987505641,37900,1.3544297218322754
891,8361.325802194422,9765.01535806582,37950,1.3561577796936035
892,8361.325802194422,9473.620865687868,37998,1.358076572418213
893,8361.325802194422,9417.429072336003,38046,1.3597629070281982
894,8361.325802194422,10011.342280282908,38097,1.3614692687988281
895,8361.325802194422,9779.878217430638,38147,1.363217830657959
896,8361.325802194422,9740.885161947605,38197,1.364980697631836
897,8361.325802194422,9419.910356288428,38245,1.3667492866516113
898,8361.325802194422,10319.252210981096,38297,1.368708610534668
899,8361.325802194422,9999.585606906965,38348,1.3704137802124023
900,8361.325802194422,9653.971656354457,38397,1.372067928314209
901,8361.325802194422,9867.240979141763,38447,1.3737001419067383
902,8361.325802194422,9694.671407360998,38496,1.3754377365112305
903,8361.325802194422,10160.582639623177,38547,1.3771743774414062
904,8361.325802194422,9499.464246826485,38595,1.3788182735443115
905,8361.325802194422,9653.901994326232,38644,1.380643367767334
906,8361.325802194422,9987.852735548648,38695,1.3824307918548584
907,8361.325802194422,10186.70996896386,38747,1.3842170238494873
908,8361.325802194422,9673.570651922952,38796,1.3859031200408936
909,8361.325802194422,9696.96727775659,38845,1.3877451419830322
910,8361.325802194422,9666.975524815223,38894,1.3894612789154053
911,8361.122191763643,10209.542914217727,38946,1.391179084777832
912,8361.122191763643,9635.400402314272,38999,1.3930611610412598
913,8361.122191763643,9557.639618638303,39052,1.3949153423309326
914,8361.122191763643,9575.79559704289,39105,1.3966686725616455
915,8361.122191763643,9175.617248743587,39156,1.398702621459961
916,8361.122191763643,9555.315313560557,39209,1.400573492050171
917,8361.122191763643,9489.783209421714,39262,1.4024059772491455
918,8361.122191763643,10406.22594986044,39319,1.4043357372283936
919,8361.122191763643,10457.10821519415,39376,1.406245231628418
920,8361.122191763643,9282.196740380145,39427,1.4080612659454346
921,8361.122191763643,9574.159113583928,39480,1.409958839416504
922,8361.122191763643,9399.799780419613,39532,1.411994457244873
923,8361.122191763643,9621.944390691539,39585,1.413851022720337
924,8361.122191763643,9599.247105969127,39638,1.415689468383789
925,8361.122191763643,9343.493558568862,39690,1.417639970779419
926,8361.122191763643,10640.121945622574,39748,1.419581651687622
927,8361.122191763643,10278.000374769752,39804,1.421431064605713
928,8361.122191763643,9247.631345151247,39855,1.4232938289642334
929,8361.122191763643,9461.728758777006,39907,1.4251506328582764
930,8361.122191763643,9826.962488621135,39962,1.4271223545074463
931,8361.122191763643,9614.05390057004,40015,1.4290618896484375
932,8361.122191763643,9835.946183724192,40069,1.4309260845184326
933,8361.122191763643,9996.122786779331,40124,1.4328062534332275
934,8361.122191763643,9838.277573994306,40178,1.4347124099731445
935,8361.122191763643,9875.972192280076,40232,1.4365556240081787
936,8361.122191763643,9831.190261145011,40286,1.4384078979492188
937,8361.122191763643,9193.697497925119,40337,1.4401257038116455
938,8361.122191763643,10037.939912507962,40392,1.4419538974761963
939,8361.122191763643,10497.38066409502,40449,1.4437966346740723
940,8361.122191763643,9976.513508248408,40504,1.4455773830413818
941,8361.122191763643,9537.819289662672,40559,1.4476892948150635
942,8361.122191763643,9371.299329982634,40613,1.4495320320129395
943,8361.122191763643,9779.340167046234,40669,1.4515399932861328
944,8361.122191763643,9691.100459244713,40725,1.4534292221069336
945,8361.122191763643,10170.243105982012,40783,1.4553463459014893
946,8361.122191763643,9806.835047539353,40839,1.457235336303711
947,8361.122191763643,9615.326221571197,40894,1.4590907096862793
948,8361.122191763643,9365.650126531193,40948,1.4610519409179688
949,8361.122191763643,9387.83112970662,40999,1.4628996849060059
950,8361.122191763643,10382.972495116437,41055,1.4647862911224365
951,8361.122191763643,9863.682417175423,41108,1.4665791988372803
952,8361.122191763643,10017.310586523836,41162,1.4684569835662842
953,8361.122191763643,9486.78773234837,41213,1.4702017307281494
954,8361.122191763643,9206.171158110928,41263,1.4722003936767578
955,8361.122191763643,9565.144510857945,41315,1.474020004272461
956,8361.122191763643,9780.772892004588,41368,1.4758429527282715
957,8361.122191763643,9828.752454867292,41421,1.477660894393921
958,8361.122191763643,9450.710073048489,41472,1.4795327186584473
959,8361.122191763643,9736.829930428263,41525,1.481431245803833
960,8361.122191763643,10211.667292883201,41580,1.4833204746246338
961,8361.122191763643,9604.6033202958,41632,1.4850950241088867
962,8361.122191763643,10074.239673990669,41686,1.4869701862335205
963,8361.122191763643,9385.058564867442,41737,1.4887027740478516
964,8361.122191763643,9848.057883981735,41790,1.4904849529266357
965,8358.626100992089,9342.1836583496,41841,1.492199420928955
966,8358.626100992089,9577.76740235883,41893,1.4939155578613281
967,8358.626100992089,10203.229510864929,41948,1.495788812637329
968,8358.626100992089,9392.584397548642,41999,1.49760103225708
969,8358.626100992089,9691.708671099894,42052,1.4994070529937744
970,8358.626100992089,9377.556201712123,42103,1.501128911972046
971,8358.626100992089,9526.224148592899,42155,1.5029187202453613
972,8358.626100992089,9610.882889925293,42208,1.5048489570617676
973,8358.626100992089,9772.397143962842,42261,1.506730318069458
974,8358.626100992089,9744.407491435077,42315,1.5085463523864746
975,8358.626100992089,9740.805982276102,42369,1.5103135108947754
976,8358.626100992089,9739.306662726014,42423,1.5122742652893066
977,8358.626100992089,9700.633678598351,42477,1.5141510963439941
978,8358.626100992089,9350.26256886885,42529,1.5161609649658203
979,8358.626100992089,9210.93813786254,42580,1.518054723739624
980,8358.626100992089,10192.363407385712,42635,1.519834280014038
981,8358.626100992089,9369.509533619497,42686,1.5217578411102295
982,8358.626100992089,9522.76371345228,42738,1.5236170291900635
983,8358.626100992089,9347.008194286205,42789,1.525538444519043
984,8358.626100992089,10176.84862547071,42844,1.5274405479431152
985,8358.626100992089,9791.41227230523,42897,1.5292696952819824
986,8358.626100992089,9369.313096845808,42948,1.5310347080230713
987,8358.626100992089,9549.83076451874,43000,1.5328056812286377
988,8358.626100992089,9565.702270856158,43052,1.5345685482025146
989,8358.626100992089,9263.15628797929,43102,1.5362749099731445
990,8358.626100992089,9804.678589974152,43156,1.5381627082824707
991,8358.626100992089,10137.229198632358,43211,1.5403485298156738
992,8358.626100992089,9878.463590011577,43264,1.5423240661621094
993,8358.626100992089,9038.354735792514,43313,1.5442521572113037
994,8358.626100992089,9399.089085067442,43364,1.5461084842681885
995,8358.626100992089,9795.259165638776,43417,1.5478920936584473
996,8358.626100992089,9311.372119191057,43468,1.5497055053710938
997,8358.626100992089,10170.551394735287,43523,1.5514695644378662
998,8358.626100992089,9566.034299565812,43575,1.5533342361450195
999,8358.626100992089,9390.503249840762,43626,1.5551841259002686
1000,8358.626100992089,10140.6906978149,43681,1.5570769309997559
