gen,best_fitness,mean_fitness,evals,time_sec
0,0.9348067575010861,62.53329198936249,60,0.0014522075653076172
1,0.9348067575010861,20.768780655702418,240,0.022623538970947266
2,0.786933116746901,7.0339316801425165,420,0.04202389717102051
3,0.2817583317528436,2.74631591880879,600,0.06142377853393555
4,0.2817583317528436,1.3117355773735035,780,0.08167862892150879
5,0.10815293136380888,0.8199482990208626,960,0.10122036933898926
6,0.056401169736994605,0.595262396609342,1140,0.12112259864807129
7,0.056401169736994605,0.47332354377137065,1320,0.14139914512634277
8,0.05261959910584635,0.3843100299497982,1500,0.16144180297851562
9,0.00942774678839553,0.33036162117796464,1680,0.18128418922424316
10,0.00942774678839553,0.2760420307336709,1860,0.20067119598388672
11,0.00942774678839553,0.2157148317313144,2040,0.22043156623840332
12,0.00942774678839553,0.1608940751466133,2220,0.24035191535949707
13,0.00942774678839553,0.13654381051922596,2400,0.26047778129577637
14,0.00942774678839553,0.12140998752953348,2580,0.28023409843444824
15,0.00942774678839553,0.10067469291004391,2760,0.30015993118286133
16,0.007396907259488383,0.07674621007494715,2940,0.31969761848449707
17,0.004688713401101996,0.06530532284802908,3120,0.33921027183532715
18,0.004688713401101996,0.0461184407850059,3300,0.35914111137390137
19,0.0004193602009011643,0.035030499025742116,3477,0.3786439895629883
20,0.0004193602009011643,0.02940138806089391,3654,0.3986983299255371
21,0.0004193602009011643,0.025486280051495527,3831,0.41821861267089844
22,0.0004193602009011643,0.020656731818358445,4008,0.43762898445129395
23,0.0002750332010731382,0.017379328160843376,4185,0.4573967456817627
24,2.5953290404223672e-05,0.015198789325390453,4362,0.47669100761413574
25,2.5953290404223672e-05,0.012082620241388462,4539,0.49637770652770996
26,2.5953290404223672e-05,0.009209399962859431,4716,0.5155181884765625
27,2.5953290404223672e-05,0.007557205878399566,4893,0.53464674949646
28,2.5953290404223672e-05,0.0050273506880304675,5070,0.5541243553161621
29,2.5953290404223672e-05,0.00367528723079011,5247,0.5737631320953369
30,1.4913938422012052e-06,0.0021091601703021414,5424,0.5930871963500977
31,1.4913938422012052e-06,0.0008499195980931281,5601,0.6122291088104248
32,1.4913938422012052e-06,0.00019127102492183618,5778,0.6314282417297363
33,1.7487738346311232e-07,4.624105912342515e-05,5955,0.6507396697998047
34,1.7487738346311232e-07,1.2815074201255605e-05,6132,0.6703720092773438
35,1.1193504056983272e-07,4.328825190272757e-06,6309,0.6904881000518799
36,6.72488266184601e-08,1.088348058560629e-06,6486,0.7093517780303955
37,4.736184111564512e-09,3.135815252736943e-07,6663,0.7292003631591797
38,1.707120778071669e-09,5.970119398483859,6846,0.7489087581634521
39,3.669685666451983e-10,0.35930842167390586,7023,0.7679641246795654
40,3.086043642852587e-10,4.204687420206952,7206,0.7875113487243652
41,8.542044849235708e-11,0.017775051514209654,7383,0.8070724010467529
42,8.54138981765118e-12,3.5413292786201667,7566,0.8276846408843994
43,7.104206112273914e-12,0.02523939493806651,7743,0.8473241329193115
44,4.227729277772596e-13,4.653310671747324,7926,0.8670556545257568
45,4.227729277772596e-13,0.03153052191245795,8103,0.886650800704956
46,2.0405899192610377e-13,5.637612148460565,8286,0.9060854911804199
47,4.440892098500626e-15,0.08810125068286773,8463,0.9253325462341309
48,4.440892098500626e-15,2.8242795138826375,8646,0.9451210498809814
49,4.440892098500626e-15,0.014487268853771175,8823,0.9644999504089355
50,1.2212453270876722e-15,5.779998092896326,9006,0.9841971397399902
51,5.551115123125783e-16,3.5381182395791217,9189,1.0039482116699219
52,0.0,0.032733904002248314,9366,1.0232279300689697
53,0.0,6.958647966131091,9548,1.0423812866210938
54,0.0,0.34432271862569114,9722,1.061161756515503
55,0.0,5.542386247682107,9901,1.0802452564239502
56,0.0,0.5172219136596202,10075,1.0994226932525635
57,0.0,4.416720982980078,10254,1.1183595657348633
58,0.0,0.2523592868273646,10428,1.1373810768127441
59,0.0,2.9898052965103505,10607,1.1581628322601318
60,0.0,5.572002658139417,10786,1.1804075241088867
61,0.0,0.040613835527159484,10960,1.2035577297210693
62,0.0,3.7175091659087083,11139,1.2268803119659424
63,0.0,0.2104591974195718,11313,1.2487637996673584
64,0.0,7.802472619165289,11492,1.2718009948730469
65,0.0,3.7433343696162873,11671,1.2939577102661133
66,0.0,8.204210278977795,11850,1.3158643245697021
67,0.0,5.0811809988766985,12029,1.341299295425415
68,0.0,0.11185987722556133,12203,1.3644018173217773
69,0.0,3.137972225294108,12382,1.3867897987365723
70,0.0,3.5680667011028584,12561,1.408804178237915
71,0.0,0.16621340493487224,12735,1.4295108318328857
72,0.0,4.362055647042242,12914,1.4500877857208252
73,0.0,4.322531275323389,13093,1.470059871673584
74,0.0,0.25195100455079006,13267,1.4929156303405762
75,0.0,8.424905072311825,13446,1.5148050785064697
76,0.0,6.917480916122637,13625,1.5360338687896729
77,0.0,5.283182772498878,13804,1.557905912399292
78,0.0,4.572178638561619,13983,1.5801951885223389
79,0.0,0.27865939426254066,14157,1.599992036819458
80,0.0,5.335376574652569,14336,1.6210863590240479
81,0.0,0.16782680468314679,14510,1.6425092220306396
82,0.0,4.943607374275568,14689,1.6619665622711182
83,0.0,0.3265188522299858,14863,1.6833231449127197
84,0.0,0.046806976655661,15037,1.7040221691131592
85,0.0,5.493988096400897,15216,1.7246451377868652
86,0.0,0.3980114070639308,15390,1.746103286743164
87,0.0,3.5126764711057716,15569,1.766528606414795
88,0.0,5.300957315072037,15748,1.7871184349060059
89,0.0,0.1405107718554156,15919,1.8081684112548828
90,0.0,5.535660492489134,16095,1.8283724784851074
91,0.0,0.209483231021489,16266,1.8480479717254639
92,0.0,4.863028243994328,16442,1.8672847747802734
93,0.0,0.28772638225061453,16613,1.8870093822479248
94,0.0,2.9448814792680733,16789,1.9072225093841553
95,0.0,0.21094943741762656,16960,1.9265265464782715
96,0.0,7.411119791741612,17136,1.9485673904418945
97,0.0,5.1915436936594554,17312,1.9695134162902832
98,0.0,0.2594054426908382,17483,1.9916183948516846
99,0.0,3.6401434607087673,17659,2.012838363647461
100,0.0,0.29125972750031787,17830,2.033665895462036
101,0.0,5.835086285776343,18006,2.0550827980041504
102,0.0,0.182408980695781,18177,2.0758469104766846
103,0.0,6.60554128378609,18353,2.0972375869750977
104,0.0,4.621346921406852,18529,2.118021011352539
105,0.0,0.30568549025791864,18700,2.1391656398773193
106,0.0,4.033690402843192,18876,2.159106731414795
107,0.0,0.09286652372774198,19047,2.1827099323272705
108,0.0,6.271537401335563,19223,2.205756425857544
109,0.0,3.5814654548246105,19399,2.226611614227295
110,0.0,0.39085441319712044,19570,2.246095895767212
111,0.0,6.694686827786712,19746,2.26460599899292
112,0.0,0.7184363441459809,19917,2.2829484939575195
113,0.0,8.086809278585486,20093,2.3016624450683594
114,0.0,0.3263652236885425,20264,2.319899559020996
115,0.0,5.619781517947625,20440,2.3383185863494873
116,0.0,0.10663066440220412,20611,2.356776475906372
117,0.0,6.519649253812458,20787,2.375060796737671
118,0.0,0.3560470148700001,20958,2.393314838409424
119,0.0,8.777294561705405,21134,2.411644220352173
120,0.0,0.33409381462794135,21305,2.430067300796509
121,0.0,6.552084364549168,21481,2.4504222869873047
122,0.0,0.5653180784797647,21652,2.4699435234069824
123,0.0,5.580516947304432,21828,2.488557815551758
124,0.0,5.181943876170082,22004,2.5072336196899414
125,0.0,0.23847056776745532,22172,2.525176525115967
126,0.0,3.773680106584422,22345,2.543281078338623
127,0.0,4.639805235860664,22518,2.561311960220337
128,0.0,0.04164492854847074,22686,2.579188585281372
129,0.0,6.866952622410293,22859,2.597017526626587
130,0.0,0.09504326982657815,23027,2.6150362491607666
131,0.0,3.5342454540265584,23200,2.632776975631714
132,0.0,0.16329344445022118,23368,2.650278329849243
133,0.0,6.08622202042094,23541,2.6678900718688965
134,0.0,0.23951291116516818,23709,2.6859281063079834
135,0.0,2.9578262755563833,23882,2.703907012939453
136,0.0,0.017212147175803875,24050,2.7217326164245605
137,0.0,6.610569833291479,24223,2.7399964332580566
138,0.0,5.915209467860441,24396,2.7581892013549805
139,0.0,5.962515255395481,24569,2.7762317657470703
140,0.0,0.405709054791273,24737,2.7940728664398193
141,0.0,4.9825575132335045,24910,2.8119757175445557
142,0.0,6.135597508055052,25083,2.8299100399017334
143,0.0,0.28115574562265283,25251,2.847511053085327
144,0.0,4.653900093003931,25424,2.8653833866119385
145,0.0,0.3938282950784844,25592,2.883538007736206
146,0.0,0.03689073739166896,25760,2.9014651775360107
147,0.0,6.081073006194786,25933,2.9193248748779297
148,0.0,5.669228183567241,26106,2.9372572898864746
149,0.0,0.21463450757642824,26274,2.955313205718994
150,0.0,4.2509082613685845,26447,2.9732747077941895
151,0.0,8.840597507034389,26620,2.991220235824585
152,0.0,0.26491221069323884,26788,3.009418249130249
153,0.0,4.756562891209492,26961,3.027365207672119
154,0.0,4.265089930440223,27134,3.0457684993743896
155,0.0,0.14113094743468096,27302,3.063854694366455
156,0.0,6.149856384972909,27475,3.0814919471740723
157,0.0,0.2002250454117785,27643,3.0994582176208496
158,0.0,5.72613960946026,27816,3.1173958778381348
159,0.0,0.41300035062567714,27984,3.135166645050049
160,0.0,5.223878231506238,28157,3.1529510021209717
161,0.0,0.24939288898409737,28322,3.170506000518799
162,0.0,5.0632547872958265,28492,3.1881587505340576
163,0.0,0.3114767999084048,28657,3.205524444580078
164,0.0,4.66432616077809,28827,3.2234833240509033
165,0.0,0.22443683149757696,28992,3.2413508892059326
166,0.0,5.161408912870735,29162,3.259054660797119
167,0.0,0.021196499537050308,29327,3.276336908340454
168,0.0,6.341920750149429,29497,3.294069528579712
169,0.0,0.143165330730145,29662,3.3118929862976074
170,0.0,5.99035912619506,29832,3.330120086669922
171,0.0,0.4829902188662878,29997,3.3475677967071533
172,0.0,0.01666418779637109,30162,3.3646533489227295
173,0.0,7.154379709182864,30332,3.382289409637451
174,0.0,0.7460860132089069,30497,3.400106191635132
175,0.0,3.4565147280238167,30666,3.417886257171631
176,0.0,0.13862062479103032,30831,3.4355690479278564
177,0.0,3.0228378513103467,31000,3.452683448791504
178,0.0,7.924153174302381,31169,3.4702420234680176
179,0.0,6.231146990978645,31338,3.4877448081970215
180,0.0,5.225828198513928,31507,3.5051236152648926
181,0.0,0.03639141833514152,31672,3.522860050201416
182,0.0,2.654959278646181,31841,3.540550470352173
183,0.0,0.09023950246373218,32006,3.5576820373535156
184,0.0,7.38875544239235,32175,3.574983596801758
185,0.0,0.3358850576331873,32340,3.592576265335083
186,0.0,4.519129681401425,32509,3.6099133491516113
187,0.0,4.153117037958701,32678,3.6275322437286377
188,0.0,5.2137959793787765,32847,3.6448636054992676
189,0.0,0.15023254844949677,33012,3.6628105640411377
190,0.0,5.405486605817643,33181,3.680851697921753
191,0.0,0.06922956914554491,33346,3.6981523036956787
192,0.0,5.109477427267837,33515,3.716066837310791
193,0.0,0.1649817203449442,33680,3.7339227199554443
194,0.0,4.0657881627647035,33849,3.7516446113586426
195,0.0,4.945459340595423,34018,3.768873929977417
196,0.0,6.298281612211205,34187,3.7863428592681885
197,0.0,0.23050392581134874,34352,3.8038296699523926
198,0.0,5.550791300868025,34521,3.8211166858673096
199,0.0,6.389344819652637,34687,3.8383543491363525
200,0.0,5.896632093429223,34853,3.855321168899536
201,0.0,2.9291265770035815,35019,3.8722424507141113
202,0.0,3.3831936649578096,35185,3.8897042274475098
203,0.0,0.10988296828392914,35347,3.906780481338501
204,0.0,4.253260597999415,35513,3.9235193729400635
205,0.0,0.27991121366532684,35675,3.940722942352295
206,0.0,4.255887725573852,35841,3.958094596862793
207,0.0,0.14840355816647896,36003,3.974975347518921
208,0.0,5.697681683178503,36169,3.991713285446167
209,0.0,4.501612979201268,36335,4.008846044540405
210,0.0,0.029309664789640037,36497,4.025675296783447
211,0.0,5.732483776335938,36663,4.042517423629761
212,0.0,5.785305687585541,36829,4.059321880340576
213,0.0,4.257333865773021,36995,4.076706647872925
214,0.0,8.139850796774034,37161,4.0936949253082275
215,0.0,0.17057901765257957,37323,4.110889434814453
216,0.0,0.896524828341234,37489,4.127861499786377
217,0.0,0.038460623015709024,37651,4.145431280136108
218,0.0,5.150118032138668,37817,4.162588357925415
219,0.0,5.464816549255875,37983,4.179396867752075
220,0.0,4.928015181090045,38149,4.196161508560181
221,0.0,5.30939445231119,38315,4.2133049964904785
222,0.0,7.026830504971273,38481,4.23039436340332
223,0.0,0.2103819001624515,38643,4.2473671436309814
224,0.0,5.1128811994504195,38809,4.264447450637817
225,0.0,0.048941669118798534,38971,4.281255006790161
226,0.0,5.1104869357495195,39137,4.2985615730285645
227,0.0,0.14966777202939557,39299,4.315126180648804
228,0.0,1.6565208248803993,39465,4.332303047180176
229,0.0,0.10466562284028036,39627,4.3493475914001465
230,0.0,3.5831939641459134,39793,4.366122484207153
231,0.0,0.0702139462370759,39955,4.383052349090576
232,0.0,3.6266200427690003,40121,4.399956941604614
233,0.0,0.07329295576148216,40283,4.416970729827881
234,0.0,4.677083390211239,40449,4.433966875076294
235,0.0,0.028778477380566908,40611,4.450807332992554
236,0.0,8.035804949000022,40777,4.467928647994995
237,0.0,5.964962252884957,40940,4.4844183921813965
238,0.0,0.02603410770957091,41099,4.501115798950195
239,0.0,4.912228257461969,41262,4.517566919326782
240,0.0,0.014735794152570144,41421,4.534100770950317
241,0.0,4.463899025101803,41584,4.55032753944397
242,0.0,4.4769122499419085,41747,4.566997766494751
243,0.0,3.395596356175391,41910,4.583754777908325
244,0.0,0.07426887533901608,42069,4.6000144481658936
245,0.0,3.4032450311379168,42232,4.616486072540283
246,0.0,5.750510986198225,42395,4.633094310760498
247,0.0,5.0173307792422674,42558,4.649739027023315
248,0.0,4.984405830841136,42721,4.666621208190918
249,0.0,0.037316777250273006,42880,4.683352947235107
250,0.0,5.521942751429624,43043,4.699886083602905
251,0.0,0.24172146114197252,43202,4.716431617736816
252,0.0,2.4441423218800167,43365,4.733232498168945
253,0.0,0.12257035355255042,43524,4.750060319900513
254,0.0,4.319894001260155,43687,4.766985893249512
255,0.0,3.2390101139037277,43850,4.783770322799683
256,0.0,0.07685753642341774,44009,4.800158262252808
257,0.0,3.8580656842058723,44172,4.8166656494140625
258,0.0,0.08195047551076082,44331,4.833038568496704
259,0.0,3.7894671693260813,44494,4.849857330322266
260,0.0,4.592495890043323,44657,4.866374254226685
261,0.0,4.940331606515893,44820,4.882646799087524
262,0.0,0.1283063794331517,44979,4.899007797241211
263,0.0,3.3728281905113455,45142,4.9154181480407715
264,0.0,0.313724824807632,45301,4.932172536849976
265,0.0,5.008760012480345,45464,4.948603868484497
266,0.0,0.15526926759601065,45623,4.9654505252838135
267,0.0,5.3469389197522,45786,4.98186182975769
268,0.0,0.17168356882048122,45945,4.998294830322266
269,0.0,3.457702435202285,46108,5.014646053314209
270,0.0,4.884557136366069,46271,5.031250476837158
271,0.0,7.07618414340812,46434,5.047612190246582
272,0.0,4.203832350318962,46597,5.064508438110352
273,0.0,4.5150944831694275,46760,5.080720663070679
274,0.0,4.741866379124968,46923,5.097527742385864
275,0.0,3.5784832227188073,47083,5.113510847091675
276,0.0,0.10115226599607627,47239,5.130122423171997
277,0.0,4.04178689345555,47399,5.146136522293091
278,0.0,0.17802700547649347,47555,5.162610292434692
279,0.0,4.234723183515117,47715,5.179266452789307
280,0.0,4.287170183106434,47875,5.195369482040405
281,0.0,0.18464275335422856,48031,5.211447238922119
282,0.0,4.497677149088089,48191,5.227370023727417
283,0.0,7.505479875426785,48351,5.243638277053833
284,0.0,0.22003612930517727,48507,5.259515285491943
285,0.0,5.617404347185224,48667,5.2758629322052
286,0.0,4.508886274045737,48827,5.2921459674835205
287,0.0,0.198527175559271,48983,5.308032989501953
288,0.0,2.623359312999327,49143,5.324089288711548
289,0.0,2.57463066520658,49303,5.340339422225952
290,0.0,0.23333743859124537,49459,5.356815814971924
291,0.0,0.43759310756516984,49619,5.372760534286499
292,0.0,6.03037780031924,49779,5.388916492462158
293,0.0,0.2607299077536865,49935,5.40532112121582
294,0.0,5.630638521327636,50095,5.421474933624268
295,0.0,4.579308670872279,50255,5.437623500823975
296,0.0,9.544791923297536,50415,5.453671455383301
297,0.0,0.2153986914615588,50571,5.469775199890137
298,0.0,3.1868348108393243,50731,5.4858174324035645
299,0.0,0.16173551905656092,50887,5.5019450187683105
300,0.0,5.121020078715066,51047,5.518065452575684
301,0.0,5.18852334605318,51207,5.534381151199341
302,0.0,0.2941262476020218,51363,5.550460577011108
303,0.0,4.656929845986176,51523,5.566549062728882
304,0.0,0.06951979089600474,51679,5.582634449005127
305,0.0,2.2040474977819295,51839,5.5989296436309814
306,0.0,0.08154062232864996,51995,5.615324020385742
307,0.0,5.774329732473825,52155,5.631488084793091
308,0.0,0.24018413236866196,52311,5.647279262542725
309,0.0,4.410904321031984,52471,5.66346001625061
310,0.0,4.231700867587846,52631,5.6796910762786865
311,0.0,5.764013034741012,52791,5.695831775665283
312,0.0,0.20087046416002277,52947,5.712057113647461
313,0.0,2.762910799116848,53107,5.7283055782318115
314,0.0,5.455758118995224,53267,5.745047330856323
315,0.0,0.06350535548693964,53420,5.760774374008179
316,0.0,6.617572167632931,53577,5.776401996612549
317,0.0,4.257495995950982,53734,5.792025089263916
318,0.0,6.363700515969815,53891,5.807576417922974
319,0.0,0.10848879099748997,54044,5.823168516159058
320,0.0,2.5612983525158564,54201,5.8409035205841064
321,0.0,3.5016827013032135,54358,5.857238054275513
322,0.0,0.3927619666310074,54511,5.872911214828491
323,0.0,4.630587010428328,54668,5.888736009597778
324,0.0,3.6365029792907797,54825,5.904281139373779
325,0.0,5.758500184457652,54982,5.920138359069824
326,0.0,0.2642911454801696,55135,5.935561656951904
327,0.0,3.065373940723899,55292,5.951252222061157
328,0.0,0.156061064447531,55445,5.967041492462158
329,0.0,8.560743542488492,55602,5.982630968093872
330,0.0,6.02847161487255,55759,5.998636484146118
331,0.0,6.629665797855904,55916,6.014223098754883
332,0.0,3.751147128468989,56073,6.0300328731536865
333,0.0,4.392953885687576,56230,6.045839071273804
334,0.0,4.50068105520368,56387,6.061666488647461
335,0.0,4.148638532619196,56544,6.077456951141357
336,0.0,0.1499510546248394,56697,6.092825651168823
337,0.0,6.133388330912396,56854,6.109066486358643
338,0.0,7.865048644598175,57011,6.124976396560669
339,0.0,0.1280651775495913,57164,6.1407434940338135
340,0.0,3.9793584880640003,57320,6.156463146209717
341,0.0,5.182377497043454,57476,6.1719653606414795
342,0.0,2.10545425673841,57632,6.188263893127441
343,0.0,4.593666350997107,57788,6.204333066940308
344,0.0,4.808690944881311,57944,6.219882011413574
345,0.0,0.09755750852063126,58097,6.235804319381714
346,0.0,3.797516921440477,58253,6.252230644226074
347,0.0,4.267318316514179,58409,6.267795562744141
348,0.0,4.514558868202641,58565,6.283225059509277
349,0.0,1.153993888148378,58721,6.299071550369263
350,0.0,2.191505946605059,58877,6.314674615859985
351,0.0,0.03560092309921632,59030,6.330249786376953
352,0.0,1.8506577571899936,59186,6.346181154251099
353,0.0,5.642113350988964,59342,6.361677646636963
354,0.0,3.0612398938821705,59498,6.377160549163818
355,0.0,0.0451371858771894,59648,6.392207860946655
356,0.0,1.6045290704868647,59801,6.407379865646362
357,0.0,1.7559469195999997,59954,6.422363042831421
358,0.0,5.6937839456128385,60107,6.4376983642578125
359,0.0,6.133252820391931,60260,6.453252077102661
360,0.0,4.182695264829456,60413,6.4684367179870605
361,0.0,3.4081817008753297,60566,6.483994483947754
362,0.0,0.054035021974197815,60716,6.499001741409302
363,0.0,3.0047527959033915,60869,6.514493227005005
364,0.0,0.1128107228569684,61019,6.5295493602752686
365,0.0,3.7892958085013766,61172,6.54457950592041
366,0.0,0.031464785595187304,61322,6.559736013412476
367,0.0,1.8272910389250694,61475,6.5748131275177
368,0.0,0.021077739667393097,61625,6.590457201004028
369,0.0,4.117590429343489,61778,6.605709552764893
370,0.0,4.0391893490797175,61931,6.621088266372681
371,0.0,3.065714491913902,62084,6.636204242706299
372,0.0,0.07426057995176044,62234,6.651381731033325
373,0.0,3.098613666906526,62387,6.666829586029053
374,0.0,4.063102575015062,62540,6.682414293289185
375,0.0,3.6164999096031796,62693,6.6976234912872314
376,0.0,0.10234974844863778,62843,6.713109254837036
377,0.0,3.5123887395874,62996,6.7286217212677
378,0.0,3.3368222723062235,63149,6.744038343429565
379,0.0,3.5648906583125224,63302,6.759883642196655
380,0.0,4.4494992553283055,63455,6.7755537033081055
381,0.0,4.5068053790686475,63608,6.791003942489624
382,0.0,2.6502649715894,63761,6.806150913238525
383,0.0,1.9159624197958116,63914,6.821300983428955
384,0.0,5.37069576853291,64067,6.836884260177612
385,0.0,3.8450231980425706,64220,6.852094650268555
386,0.0,2.702811686524718,64373,6.867482662200928
387,0.0,0.11016656981080507,64523,6.8828020095825195
388,0.0,2.5121053548543473,64676,6.898366212844849
389,0.0,5.802209499979012,64829,6.913557767868042
390,0.0,3.63919432380201,64982,6.9287426471710205
391,0.0,0.11904085053839271,65132,6.944021463394165
392,0.0,2.8497966142977162,65285,6.9592156410217285
393,0.0,2.2916114824902216,65438,6.974366664886475
394,0.0,3.693433887462183,65591,6.989889860153198
395,0.0,4.265323036440471,65744,7.005199193954468
396,0.0,0.11125782529872084,65891,7.0199809074401855
397,0.0,3.110333817478999,66041,7.034933090209961
398,0.0,2.2341139382602226,66191,7.049980163574219
399,0.0,0.14745793377346342,66338,7.064692735671997
400,0.0,5.521723771121766,66488,7.079348802566528
401,0.0,2.1847047197281904,66638,7.095179319381714
402,0.0,3.805060393271261,66788,7.109940528869629
403,0.0,2.5358749583251208,66938,7.125062942504883
404,0.0,0.15860629238746057,67085,7.1397857666015625
405,0.0,0.02555877053975028,67232,7.155081272125244
406,0.0,2.4934387988932976,67382,7.170121908187866
407,0.0,0.2444253600940717,67529,7.185218095779419
408,0.0,0.008931163340700009,67676,7.200467109680176
409,0.0,4.6634381560868015,67826,7.215739965438843
410,0.0,0.05536697887997466,67973,7.230560064315796
411,0.0,4.221821472554002,68123,7.245720863342285
412,0.0,3.0307010315187393,68273,7.260587215423584
413,0.0,2.8368423435632146,68423,7.275519132614136
414,0.0,4.523277476664375,68573,7.29044246673584
415,0.0,0.11189647822749832,68720,7.305589914321899
416,0.0,4.258246576320064,68870,7.320510387420654
417,0.0,3.272472266001485,69020,7.33534049987793
418,0.0,3.0797039877261376,69170,7.350348711013794
419,0.0,0.061101496013551554,69317,7.365123510360718
420,0.0,4.94379276881812,69467,7.379728555679321
421,0.0,6.8998134448077915,69617,7.394580841064453
422,0.0,3.290343416278863,69767,7.4094483852386475
423,0.0,0.03813571275779882,69914,7.424581289291382
424,0.0,3.3067096839835752,70064,7.439343214035034
425,0.0,0.055054765542610684,70211,7.453993320465088
426,0.0,4.145052862987913,70361,7.46897554397583
427,0.0,2.461296179315349,70511,7.4838738441467285
428,0.0,5.322854258451958,70661,7.498565196990967
429,0.0,0.09357143110419709,70808,7.513189792633057
430,0.0,3.150754064823464,70958,7.528094053268433
431,0.0,4.494160732067259,71108,7.542814254760742
432,0.0,0.10292457978047807,71255,7.558561563491821
433,0.0,2.8903808537911235,71405,7.573232173919678
434,0.0,3.3253756638541083,71555,7.587984800338745
435,0.0,2.586306679832881,71705,7.60261344909668
436,0.0,4.148010219208114,71855,7.617685079574585
437,0.0,5.4217983862378745,72005,7.632229804992676
438,0.0,3.303596455160663,72152,7.646585464477539
439,0.0,5.5761488636656535,72299,7.660922050476074
440,0.0,5.70569572969593,72446,7.675513505935669
441,0.0,3.721472263078853,72593,7.689700126647949
442,0.0,0.07187087189680469,72737,7.704397916793823
443,0.0,3.303897447989273,72884,7.718782901763916
444,0.0,3.29334488217118,73031,7.733286380767822
445,0.0,4.412920763131122,73178,7.7479002475738525
446,0.0,3.3070411232909867,73325,7.762505292892456
447,0.0,2.9483265583622718,73472,7.777010440826416
448,0.0,2.258365464770668,73619,7.791755437850952
449,0.0,4.328951365323531,73766,7.806122303009033
450,0.0,3.8889303600207907,73913,7.820645809173584
451,0.0,3.1631480090801887,74060,7.835638761520386
452,0.0,0.0406221454778286,74204,7.8501222133636475
453,0.0,4.783752950217135,74351,7.864932298660278
454,0.0,5.240928352457909,74498,7.879337549209595
455,0.0,0.12483980041083169,74642,7.8935301303863525
456,0.0,2.350366270651309,74789,7.908151388168335
457,0.0,1.9168610845777316,74936,7.922574758529663
458,0.0,0.026349555625518287,75080,7.936819791793823
459,0.0,4.17644693320844,75227,7.951132774353027
460,0.0,1.8403195063736961,75374,7.965711355209351
461,0.0,5.629824380648078,75521,7.980473041534424
462,0.0,0.24986074291754776,75665,7.995025873184204
463,0.0,3.492177843141553,75812,8.00947117805481
464,0.0,0.1273498930663929,75956,8.023607730865479
465,0.0,5.455203433058377,76103,8.037901163101196
466,0.0,4.317079751919849,76250,8.052462339401245
467,0.0,3.1465016769238017,76397,8.066973447799683
468,0.0,4.65293769851602,76544,8.081248760223389
469,0.0,0.05460415201269597,76688,8.095484256744385
470,0.0,4.908715754009195,76835,8.109933376312256
471,0.0,2.7310651815106124,76982,8.124479532241821
472,0.0,3.956254940437967,77129,8.139098882675171
473,0.0,2.403219004094615,77276,8.1533522605896
474,0.0,2.2825272691930105,77423,8.167908668518066
475,0.0,2.28406600054409,77570,8.182323932647705
476,0.0,4.417174483646373,77717,8.197118997573853
477,0.0,0.13461938034381637,77861,8.211830615997314
478,0.0,4.130297215708945,78008,8.226365804672241
479,0.0,3.8275158087759094,78155,8.24033236503601
480,0.0,5.667114074692768,78299,8.254333257675171
481,0.0,2.5276122802350356,78443,8.268279552459717
482,0.0,0.07285075015919877,78584,8.282466888427734
483,0.0,3.098259285139492,78728,8.296618938446045
484,0.0,2.2874122069525247,78872,8.310464143753052
485,0.0,0.10844204573125209,79013,8.324299097061157
486,0.0,4.012427251969858,79157,8.338622570037842
487,0.0,0.14225867960970087,79298,8.352802991867065
488,0.0,2.97466003074603,79442,8.367179870605469
489,0.0,1.8320587477854513,79586,8.38143253326416
490,0.0,4.051397501275939,79730,8.395480871200562
491,0.0,2.0304213024988416,79874,8.409334421157837
492,0.0,4.823038264746742,80018,8.42325735092163
493,0.0,4.943718331661567,80162,8.437342882156372
494,0.0,1.763983797656968,80306,8.451655149459839
495,0.0,3.995836411009487,80450,8.465698003768921
496,0.0,5.58638634742876,80594,8.480232238769531
497,0.0,0.10716505270957476,80735,8.494445323944092
498,0.0,6.047027081801195,80879,8.508585453033447
499,0.0,3.704884734593786,81023,8.522536277770996
500,0.0,0.12555898661548237,81164,8.536895036697388
501,0.0,3.383234750090773,81308,8.550691366195679
502,0.0,7.59653359951401,81452,8.56479263305664
503,0.0,2.4700308665730537,81596,8.578311204910278
504,0.0,0.026031215351203597,81737,8.591858148574829
505,0.0,2.510418947852095,81881,8.60558271408081
506,0.0,5.564910501737109,82025,8.619380950927734
507,0.0,2.6884181782112777,82169,8.633172512054443
508,0.0,3.3388775369098833,82313,8.646943092346191
509,0.0,5.203170725656664,82457,8.660778045654297
510,0.0,6.4316391304578335,82601,8.674765586853027
511,0.0,1.0534186256130067,82745,8.688748836517334
512,0.0,0.0320943712895254,82886,8.702694177627563
513,0.0,5.469610754113199,83030,8.71726369857788
514,0.0,3.1846013458156026,83174,8.731242418289185
515,0.0,5.177449735791269,83318,8.745035409927368
516,0.0,4.285974924585071,83462,8.759024381637573
517,0.0,4.343355064909589,83606,8.77296257019043
518,0.0,3.9219520149622924,83750,8.786807298660278
519,0.0,3.7748965941743453,83894,8.800423622131348
520,0.0,4.89225859750713,84038,8.814690828323364
521,0.0,5.194321853261577,84182,8.828592300415039
522,0.0,3.5852118643661797,84326,8.842422008514404
523,0.0,3.218314016071274,84470,8.85681414604187
524,0.0,0.03218380745071234,84608,8.870306730270386
525,0.0,4.3723931742145,84749,8.883924007415771
526,0.0,3.3729791088710757,84890,8.897821426391602
527,0.0,3.9719349450984653,85031,8.911158800125122
528,0.0,3.308413180838304,85172,8.924585103988647
529,0.0,2.8692494453335855,85313,8.93794059753418
530,0.0,5.234266418661165,85454,8.951357126235962
531,0.0,6.166755083424139,85595,8.964780569076538
532,0.0,3.0032413840970555,85736,8.978365659713745
533,0.0,3.822268762425029,85877,8.991596221923828
534,0.0,4.531790151487934,86018,9.004996299743652
535,0.0,2.5973537848826393,86159,9.01840853691101
536,0.0,6.001661812676893,86300,9.03189206123352
537,0.0,4.596819675330255,86441,9.045204401016235
538,0.0,4.494287823093342,86582,9.058475255966187
539,0.0,6.794679448486222,86723,9.07200574874878
540,0.0,3.8188654651839977,86864,9.085438251495361
541,0.0,5.537622532044445,87005,9.098839521408081
542,0.0,2.209325814835409,87146,9.112530946731567
543,0.0,5.024247810673017,87287,9.12608289718628
544,0.0,1.7197331360484929,87428,9.13957166671753
545,0.0,0.02105922404326607,87566,9.1527259349823
546,0.0,5.687740214715875,87707,9.166200637817383
547,0.0,1.1536325642201377,87848,9.17958378791809
548,0.0,3.6588775338445663,87989,9.192730188369751
549,0.0,2.6795892448973446,88130,9.205927610397339
550,0.0,3.307424723722058,88271,9.219418048858643
551,0.0,3.353714999887255,88412,9.232796669006348
552,0.0,3.104227957055898,88553,9.246245861053467
553,0.0,0.038132425635878715,88691,9.259625911712646
554,0.0,4.3152598159945725,88832,9.272957801818848
555,0.0,2.5275783840226667,88973,9.28645634651184
556,0.0,4.3987642414012225,89114,9.30025029182434
557,0.0,3.6608569083875975,89255,9.313762903213501
558,0.0,3.7559289109628997,89396,9.327269077301025
559,0.0,3.871184223017844,89537,9.34059739112854
560,0.0,1.674954192903011,89678,9.354108095169067
561,0.0,5.438027244929852,89819,9.367566108703613
562,0.0,5.287104168317808,89960,9.380707263946533
563,0.0,3.99793153086914,90101,9.39396333694458
564,0.0,3.7128844527682183,90242,9.407770156860352
565,0.0,5.725242358389152,90383,9.421240329742432
566,0.0,0.04194760676975894,90521,9.434682369232178
567,0.0,4.517676656962986,90661,9.447795152664185
568,0.0,3.907761559202458,90798,9.460684776306152
569,0.0,1.0793855666727659,90935,9.47376036643982
570,0.0,2.5457657278635413,91072,9.487112998962402
571,0.0,0.6827977760920136,91209,9.500006437301636
572,0.0,3.2030871208598435,91346,9.513054370880127
573,0.0,3.6626092468037883,91483,9.526078701019287
574,0.0,3.8366480073976383,91620,9.53908896446228
575,0.0,1.8031783179089818,91757,9.552075624465942
576,0.0,2.25902519145623,91894,9.56541633605957
577,0.0,5.445484280690482,92031,9.578452825546265
578,0.0,0.12376790889860173,92166,9.591906785964966
579,0.0,0.8025215807908378,92303,9.605151176452637
580,0.0,2.2658330661602695,92440,9.618688344955444
581,0.0,3.318037329941831,92577,9.631732702255249
582,0.0,5.675434204385481,92714,9.644570112228394
583,0.0,1.3689186757368568,92851,9.658012390136719
584,0.0,3.310497340400395,92988,9.671250343322754
585,0.0,2.4981681293954807,93125,9.684430360794067
586,0.0,0.03331382330416886,93260,9.697773933410645
587,0.0,3.031514840966739,93397,9.710647106170654
588,0.0,2.3069128972782074,93534,9.72373104095459
589,0.0,2.360837195617696,93671,9.736720323562622
590,0.0,2.1186894282602573,93808,9.749825716018677
591,0.0,3.7113693792478006,93945,9.76304316520691
592,0.0,3.3285231361668934,94082,9.775808572769165
593,0.0,2.834651626989011,94219,9.789209365844727
594,0.0,1.8457749380209325,94356,9.802058935165405
595,0.0,2.0518726395243734,94493,9.814953565597534
596,0.0,3.7978462086005953,94630,9.827925443649292
597,0.0,2.7986678391229214,94767,9.84067416191101
598,0.0,4.301192253809145,94904,9.853583574295044
599,0.0,4.689230945889109,95041,9.866778135299683
600,0.0,1.4608259014714347,95178,9.879757404327393
601,0.0,2.5385463607888092,95315,9.892486333847046
602,0.0,2.4212903771822942,95452,9.905709266662598
603,0.0,3.157440938115278,95589,9.919207572937012
604,0.0,4.925804373289034,95726,9.932564735412598
605,0.0,1.13013430048023,95863,9.946041822433472
606,0.0,1.9345574542642392,96000,9.959043025970459
607,0.0,3.9130872868812214,96137,9.972009658813477
608,0.0,2.226322990593531,96274,9.984935760498047
609,0.0,1.4618372403369964,96411,9.998164415359497
610,0.0,2.8358351459391686,96548,10.01139783859253
611,0.0,1.9883255806682447,96685,10.024298667907715
612,0.0,4.873522249750677,96822,10.037330865859985
613,0.0,0.7086427054592914,96959,10.050228834152222
614,0.0,0.02712356012506204,97091,10.062720537185669
615,0.0,1.2097175406392813,97225,10.075510263442993
616,0.0,4.671724830472333,97359,10.088160037994385
617,0.0,5.004314292078299,97493,10.100757598876953
618,0.0,3.173260238554022,97627,10.11371922492981
619,0.0,4.029504622609351,97761,10.12636113166809
620,0.0,2.374404571227254,97895,10.139049291610718
621,0.0,0.004997902802756307,98027,10.151796340942383
622,0.0,4.560261846673528,98161,10.164811611175537
623,0.0,0.0970963369670441,98293,10.177708625793457
624,0.0,1.0654473671785438,98427,10.190292596817017
625,0.0,1.915688568262909,98561,10.202813148498535
626,0.0,3.482473248156511,98695,10.215510606765747
627,0.0,3.442288774289378,98829,10.228093385696411
628,0.0,1.339321754494699,98963,10.24075984954834
629,0.0,4.202984356453839,99097,10.253286838531494
630,0.0,0.7719171185415891,99231,10.26598072052002
631,0.0,3.9166564310081005,99365,10.278835773468018
632,0.0,3.122116378201456,99499,10.291370868682861
633,0.0,0.914231344155478,99633,10.304088115692139
634,0.0,2.29813401130945,99767,10.316845655441284
635,0.0,1.1003417324917208,99901,10.329795837402344
636,0.0,3.919437945799112,100035,10.3436279296875
637,0.0,1.450386552200227,100169,10.36020803451538
638,0.0,3.1841868076725564,100303,10.376224994659424
639,0.0,4.242187144452481,100437,10.390260934829712
640,0.0,1.55133055158246,100571,10.402738094329834
641,0.0,1.2185223224852988,100705,10.41596794128418
642,0.0,2.8996613051587703,100839,10.428826808929443
643,0.0,2.877561545328147,100973,10.441688299179077
644,0.0,4.638147297300585,101107,10.454317092895508
645,0.0,2.822937497055469,101241,10.467428207397461
646,0.0,4.270816727857565,101375,10.480523109436035
647,0.0,2.5278632099249445,101509,10.493098735809326
648,0.0,2.2760340348228643,101643,10.505479097366333
649,0.0,1.7199712854484794,101777,10.517895698547363
650,0.0,1.9480860440603174,101911,10.530287265777588
651,0.0,1.914655145776842,102045,10.542982339859009
652,0.0,2.644884156840918,102179,10.555565357208252
653,0.0,2.395314416438001,102313,10.568034410476685
654,0.0,3.8913941328487853,102447,10.580892324447632
655,0.0,3.3646108615085435,102581,10.593510389328003
656,0.0,0.025554345929894504,102713,10.606186866760254
657,0.0,3.069576644155512,102847,10.619152784347534
658,0.0,4.904458875448909,102981,10.631927013397217
659,0.0,0.020480888877973856,103113,10.644757747650146
660,0.0,2.7217313702510504,103247,10.65700387954712
661,0.0,4.564122015123616,103378,10.669201135635376
662,0.0,2.746745515241643,103509,10.681642293930054
663,0.0,3.3750788321409244,103640,10.693991661071777
664,0.0,3.159943491870494,103771,10.706207036972046
665,0.0,2.0071910773569757,103902,10.718345165252686
666,0.0,0.0014327053116945363,104031,10.730865478515625
667,0.0,1.7263888380545176,104162,10.74312710762024
668,0.0,1.3082908303562866,104293,10.755537986755371
669,0.0,3.44691637809476,104424,10.767773389816284
670,0.0,0.5208554058948658,104555,10.780035734176636
671,0.0,1.333882087697161,104686,10.792102336883545
672,0.0,3.930458638452494,104817,10.804213762283325
673,0.0,1.9975990361081828,104948,10.816350936889648
674,0.0,1.9672122542446144,105079,10.828708171844482
675,0.0,1.818931398684521,105210,10.84096884727478
676,0.0,5.531017690931459,105341,10.852914094924927
677,0.0,1.0670182891517823,105472,10.86491346359253
678,0.0,2.3522688505100047,105603,10.877187013626099
679,0.0,3.2007728919135636,105734,10.889541149139404
680,0.0,1.2568830110784552,105865,10.902046203613281
681,0.0,2.936870694508092,105996,10.914351463317871
682,0.0,1.7562390629820388,106127,10.926604509353638
683,0.0,0.023318083981718262,106256,10.939004898071289
684,0.0,1.5580208436213694,106387,10.951270341873169
685,0.0,2.676850808006431,106518,10.964112758636475
686,0.0,4.367784145910921,106649,10.976561069488525
687,0.0,3.944858572661179,106780,10.988675117492676
688,0.0,2.343296388374878,106911,11.004559993743896
689,0.0,2.6940135557734504,107042,11.02126669883728
690,0.0,2.9038754603330488,107173,11.035865306854248
691,0.0,4.838801111475653,107304,11.048470735549927
692,0.0,2.4380139448693896,107435,11.061073303222656
693,0.0,2.983405347420667,107566,11.073631525039673
694,0.0,3.3054056442812794,107697,11.086119174957275
695,0.0,3.103800525185776,107828,11.098748445510864
696,0.0,2.1376209404738686,107959,11.111078262329102
697,0.0,0.9965654982073116,108090,11.123254299163818
698,0.0,2.260441534954073,108221,11.135263919830322
699,0.0,6.778467064002706,108352,11.148211240768433
700,0.0,0.04424468715707722,108481,11.160471439361572
701,0.0,2.462385169504962,108612,11.172911643981934
702,0.0,3.8565692920835244,108743,11.18518877029419
703,0.0,1.420073046703801,108874,11.197741746902466
704,0.0,3.503304629002801,109005,11.209823846817017
705,0.0,3.823907131078268,109136,11.221937894821167
706,0.0,4.1133642032416775,109267,11.234119892120361
707,0.0,2.4587868893837554,109398,11.24635624885559
708,0.0,3.5496100238995028,109526,11.2584228515625
709,0.0,3.6268021266994066,109654,11.270468950271606
710,0.0,2.0735786258372486,109782,11.282477378845215
711,0.0,2.48209908534972,109910,11.294580698013306
712,0.0,3.500764143924933,110038,11.306308507919312
713,0.0,1.9838943828908024,110166,11.318583488464355
714,0.0,1.9642294449372992,110294,11.330080509185791
715,0.0,3.6505298596751095,110422,11.342020034790039
716,0.0,4.103103232056391,110550,11.354114770889282
717,0.0,1.748658793358267,110678,11.366081953048706
718,0.0,5.427686292077915,110806,11.378156185150146
719,0.0,2.2224985016382557,110934,11.39021348953247
720,0.0,2.0569883051922937,111062,11.401987791061401
721,0.0,2.4057843368867102,111190,11.413816690444946
722,0.0,3.0949164143613155,111318,11.425673723220825
723,0.0,0.4028296848085198,111444,11.43743634223938
724,0.0,0.6966321107937675,111572,11.449337244033813
725,0.0,4.019831262320664,111700,11.461037874221802
726,0.0,4.29202294428851,111828,11.4731924533844
727,0.0,2.1063202244038575,111956,11.485123634338379
728,0.0,2.169661535020664,112084,11.496812105178833
729,0.0,2.5786928718903743,112212,11.508566617965698
730,0.0,0.015033706582760042,112338,11.520374774932861
731,0.0,6.188311004311602,112466,11.532605648040771
732,0.0,1.0595320341882317,112594,11.544715404510498
733,0.0,1.9804374136251262,112722,11.556695461273193
734,0.0,1.7370856585625463,112850,11.568363666534424
735,0.0,2.38433217875746,112978,11.580237865447998
736,0.0,4.48988546002447,113106,11.591989755630493
737,0.0,3.757548917774278,113234,11.60385513305664
738,0.0,2.8745036353242974,113362,11.616025924682617
739,0.0,3.6579379510685084,113490,11.627853870391846
740,0.0,3.6348632142018777,113618,11.639536619186401
741,0.0,5.0658264413335115,113746,11.651362419128418
742,0.0,1.6721892058696715,113874,11.66306447982788
743,0.0,2.6208529466828514,114002,11.674635410308838
744,0.0,4.047387173881201,114130,11.68692684173584
745,0.0,3.9544953353580317,114258,11.698758125305176
746,0.0,3.0296048636703046,114386,11.71068286895752
747,0.0,0.9597923163046357,114514,11.722396850585938
748,0.0,3.1199637652985155,114642,11.734408855438232
749,0.0,3.120355888392926,114770,11.746347665786743
750,0.0,1.30263344423603,114898,11.758157730102539
751,0.0,2.4156826363795654,115026,11.769689083099365
752,0.0,1.3392972398696241,115154,11.781529664993286
753,0.0,3.3688018584653427,115282,11.793224096298218
754,0.0,3.9422213212556434,115410,11.805302381515503
755,0.0,2.6422705840401526,115538,11.817180633544922
756,0.0,4.107514319000929,115666,11.828779458999634
757,0.0,0.0015411786640993914,115789,11.840165376663208
758,0.0,2.158137602249122,115914,11.851438999176025
759,0.0,3.7056743953711835,116039,11.863210201263428
760,0.0,0.2375525307508556,116162,11.874849319458008
761,0.0,1.5331696985003263,116287,11.886330604553223
762,0.0,2.5139177350914057,116412,11.897623300552368
763,0.0,5.524713671913355,116537,11.908965826034546
764,0.0,2.937670109813312,116662,11.920677661895752
765,0.0,2.4013040562225516,116787,11.932177066802979
766,0.0,3.1819351173858084,116912,11.944104671478271
767,0.0,4.51268559637838,117037,11.955497741699219
768,0.0,4.327595183861978,117162,11.966822147369385
769,0.0,3.171939066615597,117287,11.978294610977173
770,0.0,4.6699552020679524,117412,11.989882230758667
771,0.0,1.3429848834094495,117537,12.001565217971802
772,0.0,2.3785590076635215,117662,12.013336658477783
773,0.0,0.03106332814834261,117785,12.024719715118408
774,0.0,1.814546920707106,117910,12.03647494316101
775,0.0,2.886176884285142,118035,12.047877073287964
776,0.0,3.387559517068505,118160,12.059357404708862
777,0.0,1.7349252381358862,118285,12.07099986076355
778,0.0,5.518635939818626,118410,12.082702398300171
779,0.0,4.291255718430229,118535,12.094407081604004
780,0.0,2.6229136931055295,118660,12.10591435432434
781,0.0,5.448830412842738,118785,12.117251873016357
782,0.0,2.949917190642879,118910,12.128804683685303
783,0.0,1.6344369562870844,119035,12.140456199645996
784,0.0,2.757709436457283,119160,12.152303695678711
785,0.0,1.1041840685805506,119285,12.164021015167236
786,0.0,2.39476488609437,119410,12.17555832862854
787,0.0,5.278619827198391,119535,12.187270164489746
788,0.0,1.6392901453769888,119660,12.198993682861328
789,0.0,0.016775172406488535,119783,12.210273742675781
790,0.0,5.469011176523079,119908,12.221834421157837
791,0.0,3.6539796787381054,120033,12.233184099197388
792,0.0,1.0388030310944423,120158,12.24449634552002
793,0.0,2.151705929449677,120283,12.255967140197754
794,0.0,3.2432388204290565,120408,12.267424583435059
795,0.0,2.7701774989325276,120533,12.278950691223145
796,0.0,3.806521582399754,120658,12.290634393692017
797,0.0,2.965434047096257,120783,12.302216291427612
798,0.0,4.828433038382002,120908,12.313818216323853
799,0.0,3.242583345703156,121033,12.325384378433228
800,0.0,3.627361119322991,121158,12.336841583251953
801,0.0,2.018630487078336,121283,12.348210334777832
802,0.0,4.270879760771375,121408,12.35961651802063
803,0.0,0.6184429544725139,121533,12.371181964874268
804,0.0,2.8684626381091505,121658,12.382858991622925
805,0.0,6.182582077678845,121783,12.394003629684448
806,0.0,4.244204926127283,121908,12.405590534210205
807,0.0,2.8121928831116847,122030,12.41643500328064
808,0.0,2.87474303255686,122152,12.427367448806763
809,0.0,2.32340322652263,122274,12.438666105270386
810,0.0,3.5808112364391365,122396,12.450006246566772
811,0.0,1.6512545553971187,122518,12.460889339447021
812,0.0,3.54434002811632,122640,12.471946477890015
813,0.0,3.0099749597451058,122762,12.482839822769165
814,0.0,0.8656732153883615,122884,12.49398422241211
815,0.0,4.503699362895264,123006,12.505433797836304
816,0.0,3.7776674670497044,123128,12.516335010528564
817,0.0,1.2133180507887178,123250,12.527899980545044
818,0.0,2.8168205038503187,123372,12.538946866989136
819,0.0,5.3792315951207215,123494,12.550132989883423
820,0.0,3.5971425275545883,123616,12.561285734176636
821,0.0,3.2064220054846997,123738,12.572184085845947
822,0.0,1.5148422778843844,123860,12.58347201347351
823,0.0,2.0468079249121223,123982,12.59470796585083
824,0.0,4.8399411232077245,124104,12.605990886688232
825,0.0,0.8829076816002326,124226,12.61709451675415
826,0.0,1.6374827476752372,124348,12.628082513809204
827,0.0,2.0177189161005886,124470,12.639498710632324
828,0.0,2.4347282100958765,124592,12.650644302368164
829,0.0,3.336402672818658,124714,12.661625385284424
830,0.0,0.021948185206796,124834,12.67257022857666
831,0.0,0.19138889134813283,124956,12.683889865875244
832,0.0,0.5977840580008632,125078,12.695029973983765
833,0.0,2.653546766265968,125200,12.705971240997314
834,0.0,4.373999701917981,125322,12.717235088348389
835,0.0,6.220674305547026,125444,12.728311777114868
836,0.0,2.936697253428801,125566,12.739595413208008
837,0.0,3.0088352584461893,125688,12.751002073287964
838,0.0,3.7057554499648604,125810,12.762441158294678
839,0.0,2.2795798537505885,125932,12.773611783981323
840,0.0,2.648994346308965,126054,12.784661769866943
841,0.0,4.3297254735500745,126176,12.79613184928894
842,0.0,3.747350370452876,126298,12.807401657104492
843,0.0,0.010023008898079899,126418,12.818437099456787
844,0.0,1.4193282610161149,126540,12.82956576347351
845,0.0,6.200640684367308,126662,12.840627908706665
846,0.0,5.132346050189354,126784,12.851452112197876
847,0.0,4.000241602596892,126906,12.862456560134888
848,0.0,2.4336298321330405,127028,12.873902320861816
849,0.0,3.518048601417431,127150,12.885175228118896
850,0.0,3.6260487009391356,127272,12.896299600601196
851,0.0,2.8711795362607666,127394,12.90762448310852
852,0.0,1.7895988127726195,127516,12.91863751411438
853,0.0,2.692351593256795,127638,12.929748773574829
854,0.0,2.788164897624699,127760,12.940666437149048
855,0.0,3.5048809655986646,127882,12.951834917068481
856,0.0,2.575596241323022,128004,12.96303391456604
857,0.0,1.3966075915605543,128126,12.97419023513794
858,0.0,5.181205863681073,128248,12.985036373138428
859,0.0,1.9855530448349559,128367,12.995598554611206
860,0.0,3.898715184321159,128486,13.006467819213867
861,0.0,5.287015070421424,128605,13.017007827758789
862,0.0,5.479705108462175,128724,13.027774810791016
863,0.0,5.153783546289704,128843,13.038278102874756
864,0.0,2.8910086431061726,128962,13.049068212509155
865,0.0,3.774128132568733,129081,13.059860467910767
866,0.0,1.9082608802139005,129200,13.07069206237793
867,0.0,0.6919342365307698,129319,13.081454038619995
868,0.0,0.622428470270835,129438,13.092010259628296
869,0.0,3.881296799360573,129557,13.102779865264893
870,0.0,5.117715337670493,129676,13.11357045173645
871,0.0,3.1440198792582668,129795,13.124281883239746
872,0.0,2.770220876025387,129914,13.135382890701294
873,0.0,1.0787363838109474,130033,13.146284818649292
874,0.0,3.8675553274534455,130152,13.157050848007202
875,0.0,4.72620397450816,130271,13.168063402175903
876,0.0,2.878253754865019,130390,13.178646087646484
877,0.0,0.7232497721658954,130509,13.189291000366211
878,0.0,2.6423263732074784,130628,13.200005531311035
879,0.0,6.86265984712011,130747,13.210749626159668
880,0.0,3.039041944404086,130866,13.221446514129639
881,0.0,0.7873069300683745,130985,13.232253551483154
882,0.0,2.4419305343492783,131104,13.24274468421936
883,0.0,0.530689288109059,131223,13.253740549087524
884,0.0,2.195608568596057,131342,13.264311075210571
885,0.0,0.7833820773711955,131461,13.275132179260254
886,0.0,0.018052339272395062,131578,13.285851955413818
887,0.0,3.732428669210706,131697,13.29677152633667
888,0.0,3.976963848751335,131816,13.30745530128479
889,0.0,5.099241588548385,131935,13.318493604660034
890,0.0,2.9667378507083924,132054,13.329158067703247
891,0.0,2.326173778906363,132173,13.340038299560547
892,0.0,4.778379133107277,132292,13.35071611404419
893,0.0,3.3762848905301897,132411,13.361588954925537
894,0.0,3.1405320385005187,132530,13.372528314590454
895,0.0,1.037028724553113,132649,13.383125066757202
896,0.0,2.628982496522165,132768,13.393739223480225
897,0.0,4.001558387485445,132887,13.404373168945312
898,0.0,3.6535831375350383,133006,13.415048599243164
899,0.0,4.14267923037387,133125,13.425727605819702
900,0.0,4.67988610286839,133244,13.436613321304321
901,0.0,2.800913505045454,133363,13.447232246398926
902,0.0,2.5011227531095535,133482,13.458202838897705
903,0.0,5.006752298248423,133601,13.468679189682007
904,0.0,0.7763046938636369,133720,13.479492664337158
905,0.0,3.2098059841562643,133839,13.49011778831482
906,0.0,2.6700733934919847,133958,13.500596523284912
907,0.0,6.294168353844298,134077,13.511289119720459
908,0.0,2.7816286375448476,134196,13.52189326286316
909,0.0,0.017129839881724927,134313,13.532522439956665
910,0.0,2.054866370157323,134432,13.543177843093872
911,0.0,0.9431684319629712,134548,13.553518533706665
912,0.0,1.9293542834702393,134664,13.56394338607788
913,0.0,4.351242211062606,134780,13.574191570281982
914,0.0,2.830931334283782,134896,13.584571838378906
915,0.0,5.069693023658959,135012,13.5951828956604
916,0.0,3.6569571820926137,135128,13.605362892150879
917,0.0,7.474019428921998,135244,13.61599063873291
918,0.0,1.4254611541791307,135360,13.626423120498657
919,0.0,4.932109637807035,135476,13.636658668518066
920,0.0,1.5351053216400685,135592,13.64734172821045
921,0.0,3.7690679934690836,135708,13.657915353775024
922,0.0,3.9740915131016776,135824,13.668907642364502
923,0.0,3.3002237675600643,135940,13.679471015930176
924,0.0,3.867127790747196,136056,13.690025806427002
925,0.0,1.141677870824116,136172,13.700323581695557
926,0.0,1.3673218601630015,136288,13.710803985595703
927,0.0,1.557488556517385,136404,13.721656084060669
928,0.0,4.457022527216157,136520,13.732068061828613
929,0.0,4.634960828142444,136636,13.742594957351685
930,0.0,0.8745864257952691,136752,13.753085374832153
931,0.0,4.801383576137693,136868,13.763325691223145
932,0.0,4.508403189321593,136984,13.773549795150757
933,0.0,4.557130506750149,137100,13.784164428710938
934,0.0,3.315291484780103,137216,13.794634342193604
935,0.0,1.6691525849139999,137332,13.805145740509033
936,0.0,3.737186368769352,137448,13.815585851669312
937,0.0,2.116566534173995,137564,13.826034784317017
938,0.0,1.3502954600156574,137680,13.836709976196289
939,0.0,4.667692066970124,137796,13.847340106964111
940,0.0,3.9356846096642673,137912,13.857657194137573
941,0.0,3.810825996902148,138028,13.868016481399536
942,0.0,3.09602503634482,138144,13.87830400466919
943,0.0,5.427645528143429,138260,13.888678073883057
944,0.0,1.9865327034979758,138376,13.899344682693481
945,0.0,1.7634055802770043,138492,13.909545183181763
946,0.0,3.5070492469115417,138608,13.919686317443848
947,0.0,2.32806072550653,138724,13.930202007293701
948,0.0,2.000630144696405,138840,13.940733671188354
949,0.0,1.4982135385483424,138956,13.951205968856812
950,0.0,1.8002781246087478,139072,13.961523532867432
951,0.0,4.720250884721799,139188,13.971842765808105
952,0.0,3.9459669719497015,139304,13.982266664505005
953,0.0,2.850119700247541,139420,13.992692470550537
954,0.0,3.6345414694446263,139536,14.003302574157715
955,0.0,3.0033405299228035,139652,14.013698816299438
956,0.0,1.7602117309449472,139768,14.024200916290283
957,0.0,2.8953465860948806,139884,14.03484559059143
958,0.0,1.6185108232140353,140000,14.045583248138428
959,0.0,3.4781052782615007,140116,14.055991888046265
960,0.0,2.7811430842053246,140232,14.066360473632812
961,0.0,1.4689012674721242,140348,14.076931238174438
962,0.0,4.136866615158777,140464,14.08696436882019
963,0.0,3.437897467734218,140580,14.097304344177246
964,0.0,2.393194356156171,140695,14.107778310775757
965,0.0,1.7321999569743733,140807,14.117623805999756
966,0.0,3.287514022353923,140919,14.127581357955933
967,0.0,2.3504195179094025,141031,14.137789726257324
968,0.0,0.276964281679576,141143,14.147880792617798
969,0.0,0.40036268305449896,141255,14.157807111740112
970,0.0,1.0886363213850998,141367,14.167861223220825
971,0.0,0.8393906088825371,141479,14.178237676620483
972,0.0,3.5640032547715648,141591,14.188523769378662
973,0.0,1.7229329703180394,141703,14.19868803024292
974,0.0,2.9201127305586327,141815,14.208700180053711
975,0.0,0.2696327128789856,141927,14.218725681304932
976,0.0,2.4162235828497383,142039,14.228845119476318
977,0.0,1.4061919872983997,142151,14.238638877868652
978,0.0,1.2105228904521805,142263,14.24885606765747
979,0.0,3.00513283441103,142375,14.259046077728271
980,0.0,2.2914383553892903,142487,14.269586324691772
981,0.0,0.20286121017069872,142599,14.279505729675293
982,0.0,1.1450718734089842,142711,14.289501667022705
983,0.0,3.3155493989658247,142823,14.299508333206177
984,0.0,1.6866844286764218,142935,14.309598207473755
985,0.0,2.91568704969671,143047,14.319603443145752
986,0.0,0.6840602443274728,143159,14.329572916030884
987,0.0,3.659705530117052,143271,14.339649677276611
988,0.0,0.4183044208717544,143383,14.349796772003174
989,0.0,4.263066912611669,143495,14.359823942184448
990,0.0,2.171331465121876,143607,14.369958877563477
991,0.0,2.2725867709560186,143719,14.380114793777466
992,0.0,1.2782344184426697,143831,14.389984369277954
993,0.0,0.656591333550966,143943,14.400224208831787
994,0.0,2.4705406127686858,144055,14.410250902175903
995,0.0,0.9176553364061646,144167,14.420094728469849
996,0.0,0.8031467165426098,144279,14.430124998092651
997,0.0,0.8350901696482534,144391,14.440138578414917
998,0.0,1.961547115076494,144503,14.450184345245361
999,0.0,2.4864546614090797,144615,14.459994554519653
