gen,best_fitness,mean_fitness,evals,time_sec
0,477.33476146935277,636.5373998256521,60,0.004513263702392578
1,5.0760114031679295,11.929120017107056,132,0.016617298126220703
2,5.0760114031679295,11.929120017107056,237,0.04641437530517578
3,5.0760114031679295,11.929120017107056,249,0.05164003372192383
4,5.0760114031679295,11.929120017107056,261,0.05489778518676758
5,5.0760114031679295,11.929120017107056,273,0.05847811698913574
6,5.0760114031679295,11.929120017107056,285,0.06178641319274902
7,5.0760114031679295,11.929120017107056,297,0.06480145454406738
8,5.0760114031679295,11.929120017107056,309,0.06840300559997559
9,5.0760114031679295,11.929120017107056,321,0.07163429260253906
10,5.0760114031679295,11.929120017107056,426,0.10030722618103027
11,5.0760114031679295,11.929120017107056,438,0.10315322875976562
12,5.0760114031679295,11.929120017107056,450,0.10698533058166504
13,5.0760114031679295,11.929120017107056,462,0.10985779762268066
14,5.0760114031679295,11.89757235754112,474,0.11344504356384277
15,5.0760114031679295,11.799865645394501,487,0.11690664291381836
16,5.0760114031679295,10.25881192662773,500,0.12253832817077637
17,5.0760114031679295,10.155065983467242,513,0.12583422660827637
18,5.0760114031679295,9.784085965951075,526,0.13039231300354004
19,5.0760114031679295,9.784085965951075,539,0.13367414474487305
20,5.0760114031679295,9.556499129473284,670,0.1680617332458496
21,5.0760114031679295,9.556499129473284,683,0.1718003749847412
22,5.0760114031679295,9.556499129473284,696,0.1751871109008789
23,5.0760114031679295,9.556499129473284,709,0.17900395393371582
24,5.0760114031679295,9.556499129473284,721,0.18416643142700195
25,5.0760114031679295,9.490216914533198,734,0.1897263526916504
26,5.0760114031679295,9.371445778588663,747,0.19392180442810059
27,5.0760114031679295,9.371445778588663,760,0.19772648811340332
28,5.0760114031679295,9.371445778588663,773,0.20136284828186035
29,5.0760114031679295,9.371445778588663,786,0.20509696006774902
30,5.0760114031679295,9.371445778588663,799,0.20821833610534668
31,5.0760114031679295,9.371445778588663,930,0.2383122444152832
32,5.0760114031679295,9.371445778588663,943,0.2421882152557373
33,5.0760114031679295,9.371445778588663,956,0.24593091011047363
34,5.0760114031679295,9.371445778588663,968,0.24992084503173828
35,5.0760114031679295,9.371445778588663,981,0.2529640197753906
36,5.0760114031679295,9.119235604835419,994,0.25678467750549316
37,5.0760114031679295,9.119235604835419,1006,0.26093459129333496
38,5.0760114031679295,9.119235604835419,1019,0.26413726806640625
39,5.0760114031679295,9.119235604835419,1032,0.2679572105407715
40,5.0760114031679295,9.119235604835419,1045,0.27242159843444824
41,5.0760114031679295,9.119235604835419,1176,0.3054208755493164
42,5.0760114031679295,9.119235604835419,1189,0.30869483947753906
43,5.0760114031679295,9.119235604835419,1202,0.3127322196960449
44,5.0760114031679295,9.119235604835419,1215,0.3155801296234131
45,5.0760114031679295,9.119235604835419,1228,0.31903910636901855
46,5.0760114031679295,9.119235604835419,1241,0.32301855087280273
47,5.0760114031679295,9.119235604835419,1253,0.3261258602142334
48,5.0760114031679295,9.119235604835419,1266,0.33165884017944336
49,5.0760114031679295,9.119235604835419,1279,0.33525729179382324
50,5.0760114031679295,9.119235604835419,1292,0.3388705253601074
51,5.0760114031679295,9.119235604835419,1423,0.36946988105773926
52,5.0760114031679295,9.119235604835419,1436,0.37352466583251953
53,5.0760114031679295,9.119235604835419,1449,0.37716007232666016
54,5.0760114031679295,9.119235604835419,1462,0.3808252811431885
55,5.0760114031679295,9.119235604835419,1475,0.38448309898376465
56,5.0760114031679295,9.119235604835419,1488,0.38929128646850586
57,5.0760114031679295,9.119235604835419,1501,0.39305996894836426
58,5.0760114031679295,9.119235604835419,1514,0.39707446098327637
59,5.0760114031679295,9.119235604835419,1527,0.4027135372161865
60,5.0760114031679295,9.119235604835419,1540,0.40622735023498535
61,5.0760114031679295,9.119235604835419,1553,0.40959787368774414
62,5.0760114031679295,9.119235604835419,1684,0.44254541397094727
63,5.0760114031679295,9.119235604835419,1697,0.447049617767334
64,5.0760114031679295,9.119235604835419,1710,0.4504420757293701
65,5.0760114031679295,9.119235604835419,1723,0.4541780948638916
66,5.0760114031679295,9.119235604835419,1735,0.4579455852508545
67,5.0760114031679295,9.119235604835419,1747,0.4620840549468994
68,5.0760114031679295,9.119235604835419,1760,0.46511173248291016
69,5.0760114031679295,9.119235604835419,1773,0.4708836078643799
70,5.0760114031679295,9.119235604835419,1786,0.475170373916626
71,5.0760114031679295,9.119235604835419,1799,0.4788815975189209
72,5.0760114031679295,9.119235604835419,1930,0.5108780860900879
73,5.0760114031679295,9.119235604835419,1942,0.5154705047607422
74,5.0760114031679295,9.119235604835419,1954,0.5193259716033936
75,5.0760114031679295,9.119235604835419,1966,0.5230715274810791
76,5.0760114031679295,9.119235604835419,1978,0.5264954566955566
77,5.0760114031679295,9.119235604835419,1990,0.5302951335906982
78,5.0760114031679295,9.119235604835419,2002,0.5340759754180908
79,5.0760114031679295,9.119235604835419,2014,0.5400357246398926
80,5.0760114031679295,9.119235604835419,2026,0.5431690216064453
81,5.0760114031679295,9.119235604835419,2157,0.5761663913726807
82,5.0760114031679295,9.119235604835419,2169,0.5799734592437744
83,5.0760114031679295,9.119235604835419,2181,0.5844674110412598
84,5.0760114031679295,9.119235604835419,2193,0.5885655879974365
85,5.0760114031679295,9.119235604835419,2205,0.5930016040802002
86,5.0760114031679295,9.119235604835419,2217,0.5970890522003174
87,5.0760114031679295,9.119235604835419,2229,0.6014211177825928
88,5.0760114031679295,9.119235604835419,2241,0.6072251796722412
89,5.0760114031679295,9.119235604835419,2253,0.6110899448394775
90,5.0760114031679295,9.119235604835419,2384,0.6444828510284424
91,5.0760114031679295,9.119235604835419,2396,0.6476497650146484
92,5.0760114031679295,9.119235604835419,2408,0.6511223316192627
93,5.0760114031679295,9.119235604835419,2420,0.654416561126709
94,5.0760114031679295,9.119235604835419,2432,0.6572425365447998
95,5.0760114031679295,9.119235604835419,2444,0.6613202095031738
96,5.0760114031679295,9.119235604835419,2456,0.6645219326019287
97,5.0760114031679295,9.119235604835419,2468,0.6676394939422607
98,5.0760114031679295,9.119235604835419,2480,0.670781135559082
99,5.0760114031679295,9.119235604835419,2611,0.7038784027099609
100,5.0760114031679295,9.119235604835419,2623,0.7079033851623535
101,5.0760114031679295,9.119235604835419,2635,0.7131929397583008
102,5.0760114031679295,9.119235604835419,2647,0.7160654067993164
103,5.0760114031679295,9.119235604835419,2659,0.7194550037384033
104,5.0760114031679295,9.119235604835419,2671,0.722846508026123
105,5.0760114031679295,9.119235604835419,2683,0.7264289855957031
106,5.0760114031679295,9.119235604835419,2695,0.7296609878540039
107,5.0760114031679295,9.119235604835419,2707,0.7335991859436035
108,5.0760114031679295,9.119235604835419,2838,0.7696034908294678
109,5.0760114031679295,9.119235604835419,2850,0.7739706039428711
110,5.0760114031679295,9.119235604835419,2862,0.7779321670532227
111,5.0760114031679295,9.119235604835419,2874,0.7821478843688965
112,5.0760114031679295,9.119235604835419,2886,0.7861835956573486
113,5.0760114031679295,9.119235604835419,2898,0.7899341583251953
114,5.0760114031679295,9.119235604835419,2910,0.7931792736053467
115,5.0760114031679295,9.119235604835419,2922,0.7969396114349365
116,5.0760114031679295,9.119235604835419,2934,0.8021409511566162
117,5.0760114031679295,9.119235604835419,3065,0.8361787796020508
118,5.0760114031679295,9.119235604835419,3077,0.8401970863342285
119,5.0760114031679295,9.119235604835419,3089,0.8436024188995361
120,5.0760114031679295,9.119235604835419,3101,0.8466432094573975
121,5.0760114031679295,9.119235604835419,3113,0.8501698970794678
122,5.0760114031679295,9.119235604835419,3125,0.8553156852722168
123,5.0760114031679295,9.119235604835419,3137,0.8591892719268799
124,5.0760114031679295,9.119235604835419,3149,0.8621170520782471
125,5.0760114031679295,9.119235604835419,3161,0.8655290603637695
126,5.0760114031679295,9.119235604835419,3292,0.8992094993591309
127,5.0760114031679295,9.119235604835419,3304,0.9031753540039062
128,5.0760114031679295,9.119235604835419,3316,0.9068448543548584
129,5.0760114031679295,9.119235604835419,3328,0.9111952781677246
130,5.0760114031679295,9.119235604835419,3340,0.9141364097595215
131,5.0760114031679295,9.119235604835419,3352,0.9170646667480469
132,5.0760114031679295,9.119235604835419,3364,0.9208436012268066
133,5.0760114031679295,9.119235604835419,3376,0.9259233474731445
134,5.0760114031679295,9.119235604835419,3388,0.9289453029632568
135,5.0760114031679295,9.119235604835419,3519,0.9630470275878906
136,5.0760114031679295,9.119235604835419,3531,0.9660367965698242
137,5.0760114031679295,9.119235604835419,3543,0.9695703983306885
138,5.0760114031679295,9.119235604835419,3555,0.9738411903381348
139,5.0760114031679295,9.119235604835419,3567,0.9770350456237793
140,5.0760114031679295,9.119235604835419,3579,0.9803273677825928
141,5.0760114031679295,9.119235604835419,3591,0.9835081100463867
142,5.0760114031679295,9.119235604835419,3603,0.9869592189788818
143,5.0760114031679295,9.119235604835419,3615,0.9922282695770264
144,5.0760114031679295,9.119235604835419,3746,1.026930570602417
145,5.0760114031679295,9.119235604835419,3758,1.0321440696716309
146,5.0760114031679295,9.119235604835419,3770,1.0362048149108887
147,5.0760114031679295,9.119235604835419,3782,1.0404083728790283
148,5.0760114031679295,9.119235604835419,3794,1.044072151184082
149,5.0760114031679295,9.119235604835419,3806,1.0483615398406982
150,5.0760114031679295,9.119235604835419,3818,1.0526847839355469
151,5.0760114031679295,9.119235604835419,3830,1.0557029247283936
152,5.0760114031679295,9.119235604835419,3842,1.0586698055267334
153,5.0760114031679295,9.119235604835419,3973,1.0926892757415771
154,5.0760114031679295,9.119235604835419,3985,1.097902774810791
155,5.0760114031679295,9.119235604835419,3997,1.1006364822387695
156,5.0760114031679295,9.119235604835419,4009,1.104464054107666
157,5.0760114031679295,9.119235604835419,4021,1.1085171699523926
158,5.0760114031679295,9.119235604835419,4033,1.111992359161377
159,5.0760114031679295,9.119235604835419,4045,1.1156494617462158
160,5.0760114031679295,9.119235604835419,4057,1.1184632778167725
161,5.0760114031679295,9.119235604835419,4069,1.1211585998535156
162,5.0760114031679295,9.119235604835419,4200,1.1509456634521484
163,5.0760114031679295,9.119235604835419,4212,1.1544437408447266
164,5.0760114031679295,9.119235604835419,4224,1.1578831672668457
165,5.0760114031679295,9.119235604835419,4236,1.1606380939483643
166,5.0760114031679295,9.119235604835419,4248,1.1637601852416992
167,5.0760114031679295,9.119235604835419,4260,1.168259859085083
168,5.0760114031679295,9.119235604835419,4272,1.1726264953613281
169,5.0760114031679295,9.119235604835419,4284,1.1757586002349854
170,5.0760114031679295,9.119235604835419,4296,1.1789076328277588
171,5.0760114031679295,9.119235604835419,4427,1.2142071723937988
172,5.0760114031679295,9.119235604835419,4439,1.2183456420898438
173,5.0760114031679295,9.119235604835419,4451,1.221329689025879
174,5.0760114031679295,9.119235604835419,4463,1.224247694015503
175,5.0760114031679295,9.119235604835419,4475,1.2282183170318604
176,5.0760114031679295,9.119235604835419,4487,1.2319459915161133
177,5.0760114031679295,9.119235604835419,4499,1.23618745803833
178,5.0760114031679295,9.119235604835419,4511,1.2398993968963623
179,5.0760114031679295,9.119235604835419,4523,1.242840051651001
180,5.0760114031679295,9.119235604835419,4654,1.279043197631836
181,5.0760114031679295,9.119235604835419,4666,1.2822556495666504
182,5.0760114031679295,9.119235604835419,4678,1.2862844467163086
183,5.0760114031679295,9.119235604835419,4690,1.2892765998840332
184,5.0760114031679295,9.119235604835419,4702,1.2920498847961426
185,5.0760114031679295,9.119235604835419,4714,1.295189380645752
186,5.0760114031679295,9.119235604835419,4726,1.2983417510986328
187,5.0760114031679295,9.119235604835419,4738,1.3022243976593018
188,5.0760114031679295,9.119235604835419,4750,1.3068358898162842
189,5.0760114031679295,9.119235604835419,4881,1.3365435600280762
190,5.0760114031679295,9.119235604835419,4893,1.3430447578430176
191,5.0760114031679295,9.119235604835419,4905,1.3466448783874512
192,5.0760114031679295,9.119235604835419,4917,1.3503730297088623
193,5.0760114031679295,9.119235604835419,4929,1.3536803722381592
194,5.0760114031679295,9.119235604835419,4941,1.3579447269439697
195,5.0760114031679295,9.119235604835419,4953,1.361072301864624
196,5.0760114031679295,9.119235604835419,4965,1.364969253540039
197,5.0760114031679295,9.119235604835419,4977,1.3679726123809814
198,5.0760114031679295,9.119235604835419,5108,1.397937536239624
199,5.0760114031679295,9.119235604835419,5120,1.401757001876831
200,5.0760114031679295,9.119235604835419,5132,1.4058306217193604
201,5.0760114031679295,9.119235604835419,5144,1.411926031112671
202,5.0760114031679295,9.119235604835419,5156,1.4161009788513184
203,5.0760114031679295,9.119235604835419,5168,1.419090986251831
204,5.0760114031679295,9.119235604835419,5180,1.4224650859832764
205,5.0760114031679295,9.119235604835419,5192,1.426124095916748
206,5.0760114031679295,9.119235604835419,5204,1.4293794631958008
207,5.0760114031679295,9.119235604835419,5335,1.460808277130127
208,5.0760114031679295,9.119235604835419,5347,1.4648358821868896
209,5.0760114031679295,9.119235604835419,5359,1.4679367542266846
210,5.0760114031679295,9.119235604835419,5371,1.471782922744751
211,5.0760114031679295,9.119235604835419,5383,1.474745750427246
212,5.0760114031679295,9.119235604835419,5395,1.4784550666809082
213,5.0760114031679295,9.119235604835419,5407,1.4835712909698486
214,5.0760114031679295,9.119235604835419,5419,1.4876811504364014
215,5.0760114031679295,9.119235604835419,5431,1.4914116859436035
216,5.0760114031679295,9.119235604835419,5562,1.5234453678131104
217,5.0760114031679295,9.119235604835419,5574,1.5270886421203613
218,5.0760114031679295,9.119235604835419,5586,1.530085802078247
219,5.0760114031679295,9.119235604835419,5598,1.5331158638000488
220,5.0760114031679295,9.119235604835419,5610,1.536057949066162
221,5.0760114031679295,9.119235604835419,5622,1.5398035049438477
222,5.0760114031679295,9.119235604835419,5634,1.5425095558166504
223,5.0760114031679295,9.119235604835419,5646,1.5463008880615234
224,5.0760114031679295,9.119235604835419,5658,1.5513558387756348
225,5.0760114031679295,9.119235604835419,5789,1.5815150737762451
226,5.0760114031679295,9.119235604835419,5801,1.5861823558807373
227,5.0760114031679295,9.119235604835419,5813,1.5896978378295898
228,5.0760114031679295,9.119235604835419,5825,1.5933969020843506
229,5.0760114031679295,9.119235604835419,5837,1.5963244438171387
230,5.0760114031679295,9.119235604835419,5849,1.5991966724395752
231,5.0760114031679295,9.119235604835419,5861,1.602726697921753
232,5.0760114031679295,9.119235604835419,5873,1.606126070022583
233,5.0760114031679295,9.119235604835419,5885,1.6092925071716309
234,5.0760114031679295,9.119235604835419,6016,1.6435143947601318
235,5.0760114031679295,9.119235604835419,6028,1.646965503692627
236,5.0760114031679295,9.119235604835419,6040,1.6495640277862549
237,5.0760114031679295,9.119235604835419,6052,1.6533176898956299
238,5.0760114031679295,9.119235604835419,6064,1.6571364402770996
239,5.0760114031679295,9.119235604835419,6076,1.6595869064331055
240,5.0760114031679295,9.119235604835419,6088,1.6632330417633057
241,5.0760114031679295,9.119235604835419,6100,1.6660106182098389
242,5.0760114031679295,9.119235604835419,6112,1.6700105667114258
243,5.0760114031679295,9.119235604835419,6243,1.702444076538086
244,5.0760114031679295,9.119235604835419,6255,1.705932855606079
245,5.0760114031679295,9.119235604835419,6267,1.7090203762054443
246,5.0760114031679295,9.119235604835419,6279,1.7116799354553223
247,5.0760114031679295,9.119235604835419,6291,1.7146155834197998
248,5.0760114031679295,9.119235604835419,6303,1.7174243927001953
249,5.0760114031679295,9.119235604835419,6315,1.7199387550354004
250,5.0760114031679295,9.119235604835419,6327,1.723423719406128
251,5.0760114031679295,9.119235604835419,6339,1.7277758121490479
252,5.0760114031679295,9.119235604835419,6470,1.7582988739013672
253,5.0760114031679295,9.119235604835419,6482,1.7625198364257812
254,5.0760114031679295,9.119235604835419,6494,1.7658605575561523
255,5.0760114031679295,9.119235604835419,6506,1.7690958976745605
256,5.0760114031679295,9.119235604835419,6518,1.7727797031402588
257,5.0760114031679295,9.119235604835419,6530,1.7762792110443115
258,5.0760114031679295,9.119235604835419,6542,1.7798447608947754
259,5.0760114031679295,9.119235604835419,6554,1.7828903198242188
260,5.0760114031679295,9.119235604835419,6566,1.7863452434539795
261,5.0760114031679295,9.119235604835419,6697,1.8204805850982666
262,5.0760114031679295,9.119235604835419,6709,1.8240630626678467
263,5.0760114031679295,9.119235604835419,6721,1.8273577690124512
264,5.0760114031679295,9.119235604835419,6733,1.8315620422363281
265,5.0760114031679295,9.119235604835419,6745,1.8349559307098389
266,5.0760114031679295,9.119235604835419,6757,1.8395636081695557
267,5.0760114031679295,9.119235604835419,6769,1.8427276611328125
268,5.0760114031679295,9.119235604835419,6781,1.845306634902954
269,5.0760114031679295,9.119235604835419,6793,1.8485429286956787
270,5.0760114031679295,9.022812802845314,6924,1.8794472217559814
271,5.0760114031679295,9.022812802845314,6937,1.882549524307251
272,5.0760114031679295,9.022812802845314,6950,1.8864879608154297
273,5.0760114031679295,9.022812802845314,6962,1.8899433612823486
274,5.0760114031679295,9.022812802845314,6975,1.8935160636901855
275,5.0760114031679295,9.022812802845314,6988,1.8974788188934326
276,5.0760114031679295,9.022812802845314,7001,1.9028151035308838
277,5.0760114031679295,9.022812802845314,7013,1.9061155319213867
278,5.0760114031679295,9.022812802845314,7025,1.9093029499053955
279,5.0760114031679295,9.022812802845314,7038,1.9124641418457031
280,5.0760114031679295,9.022812802845314,7167,1.9482977390289307
281,5.0760114031679295,9.022812802845314,7179,1.9514081478118896
282,5.0760114031679295,9.022812802845314,7191,1.9545621871948242
283,5.0760114031679295,9.022812802845314,7203,1.9581241607666016
284,5.0760114031679295,9.022812802845314,7215,1.9613046646118164
285,5.0760114031679295,9.022812802845314,7227,1.9650137424468994
286,5.0760114031679295,9.022812802845314,7239,1.9687466621398926
287,5.0760114031679295,9.022812802845314,7251,1.9736838340759277
288,5.0760114031679295,9.022812802845314,7263,1.9771559238433838
289,5.0760114031679295,9.022812802845314,7392,2.0094430446624756
290,5.0760114031679295,9.022812802845314,7404,2.0126843452453613
291,5.0760114031679295,9.022812802845314,7416,2.017249345779419
292,5.0760114031679295,9.022812802845314,7428,2.0203216075897217
293,5.0760114031679295,9.022812802845314,7440,2.023613691329956
294,5.0760114031679295,9.022812802845314,7452,2.0273423194885254
295,5.0760114031679295,9.022812802845314,7464,2.0304932594299316
296,5.0760114031679295,9.022812802845314,7476,2.0340514183044434
297,5.0760114031679295,9.022812802845314,7488,2.037832498550415
298,5.0760114031679295,9.022812802845314,7617,2.073214292526245
299,5.0760114031679295,9.022812802845314,7629,2.077688455581665
300,5.0760114031679295,9.022812802845314,7641,2.0818002223968506
301,5.0760114031679295,9.022812802845314,7653,2.086233377456665
302,5.0760114031679295,9.022812802845314,7665,2.0899250507354736
303,5.0760114031679295,9.022812802845314,7677,2.0934884548187256
304,5.0760114031679295,9.022812802845314,7689,2.0973260402679443
305,5.0760114031679295,9.022812802845314,7701,2.1000895500183105
306,5.0760114031679295,9.022812802845314,7713,2.1036038398742676
307,5.0760114031679295,9.022812802845314,7842,2.136714220046997
308,5.0760114031679295,9.022812802845314,7854,2.1399354934692383
309,5.0760114031679295,9.022812802845314,7866,2.1438636779785156
310,5.0760114031679295,9.022812802845314,7878,2.1483707427978516
311,5.0760114031679295,9.022812802845314,7890,2.1525824069976807
312,5.0760114031679295,9.022812802845314,7902,2.155870199203491
313,5.0760114031679295,9.022812802845314,7914,2.158808946609497
314,5.0760114031679295,9.022812802845314,7926,2.1626334190368652
315,5.0760114031679295,9.022812802845314,7938,2.1656296253204346
316,5.0760114031679295,9.022812802845314,8067,2.1981682777404785
317,5.0760114031679295,9.022812802845314,8079,2.2023372650146484
318,5.0760114031679295,9.022812802845314,8091,2.2063984870910645
319,5.0760114031679295,9.022812802845314,8103,2.2093851566314697
320,5.0760114031679295,9.022812802845314,8115,2.21252179145813
321,5.0760114031679295,9.022812802845314,8127,2.218508720397949
322,5.0760114031679295,9.022812802845314,8139,2.2226784229278564
323,5.0760114031679295,9.022812802845314,8151,2.2260689735412598
324,5.0760114031679295,9.022812802845314,8163,2.229923725128174
325,5.0760114031679295,9.022812802845314,8292,2.2667360305786133
326,5.0760114031679295,9.022812802845314,8304,2.270287275314331
327,5.0760114031679295,9.022812802845314,8316,2.274599075317383
328,5.0760114031679295,9.022812802845314,8328,2.2783889770507812
329,5.0760114031679295,9.022812802845314,8340,2.2824008464813232
330,5.0760114031679295,9.022812802845314,8352,2.2873620986938477
331,5.0760114031679295,9.022812802845314,8364,2.2905521392822266
332,5.0760114031679295,9.022812802845314,8376,2.2934181690216064
333,5.0760114031679295,9.022812802845314,8388,2.2971277236938477
334,5.0760114031679295,9.022812802845314,8517,2.327181816101074
335,5.0760114031679295,9.022812802845314,8529,2.330320358276367
336,5.0760114031679295,9.022812802845314,8541,2.3337128162384033
337,5.0760114031679295,9.022812802845314,8553,2.3367249965667725
338,5.0760114031679295,9.022812802845314,8565,2.340501546859741
339,5.0760114031679295,9.022812802845314,8577,2.342953681945801
340,5.0760114031679295,9.022812802845314,8589,2.346327066421509
341,5.0760114031679295,9.022812802845314,8601,2.3499679565429688
342,5.0760114031679295,9.022812802845314,8613,2.354259967803955
343,5.0760114031679295,9.022812802845314,8742,2.3882181644439697
344,5.0760114031679295,9.022812802845314,8754,2.3926315307617188
345,5.0760114031679295,9.022812802845314,8766,2.395620107650757
346,5.0760114031679295,9.022812802845314,8778,2.399224281311035
347,5.0760114031679295,9.022812802845314,8790,2.4027223587036133
348,5.0760114031679295,9.022812802845314,8802,2.4065518379211426
349,5.0760114031679295,9.022812802845314,8814,2.4099631309509277
350,5.0760114031679295,9.022812802845314,8826,2.4134016036987305
351,5.0760114031679295,9.022812802845314,8838,2.417560338973999
352,5.0760114031679295,9.022812802845314,8967,2.449705123901367
353,5.0760114031679295,9.022812802845314,8979,2.4534425735473633
354,5.0760114031679295,9.022812802845314,8991,2.4589409828186035
355,5.0760114031679295,9.022812802845314,9003,2.4643197059631348
356,5.0760114031679295,9.022812802845314,9015,2.4676554203033447
357,5.0760114031679295,9.022812802845314,9027,2.4704577922821045
358,5.0760114031679295,9.022812802845314,9039,2.4736549854278564
359,5.0760114031679295,9.022812802845314,9051,2.4764597415924072
360,5.0760114031679295,9.022812802845314,9063,2.4798824787139893
361,5.0760114031679295,9.022812802845314,9192,2.508195161819458
362,5.0760114031679295,9.022812802845314,9204,2.511033535003662
363,5.0760114031679295,9.022812802845314,9216,2.5148019790649414
364,5.0760114031679295,9.022812802845314,9228,2.5181691646575928
365,5.0760114031679295,9.022812802845314,9240,2.5217208862304688
366,5.0760114031679295,9.022812802845314,9252,2.525810956954956
367,5.0760114031679295,9.022812802845314,9264,2.5310840606689453
368,5.0760114031679295,9.022812802845314,9276,2.5349326133728027
369,5.0760114031679295,9.022812802845314,9288,2.5384247303009033
370,5.0760114031679295,8.897376467705318,9417,2.5714869499206543
371,5.0760114031679295,8.897376467705318,9429,2.575718402862549
372,5.0760114031679295,8.897376467705318,9441,2.578843116760254
373,5.0760114031679295,8.897376467705318,9453,2.5826988220214844
374,5.0760114031679295,8.897376467705318,9465,2.585662841796875
375,5.0760114031679295,8.897376467705318,9477,2.589826822280884
376,5.0760114031679295,8.897376467705318,9489,2.5937254428863525
377,5.0760114031679295,8.897376467705318,9501,2.598646640777588
378,5.0760114031679295,8.897376467705318,9514,2.6025021076202393
379,5.0760114031679295,8.897376467705318,9644,2.634932041168213
380,5.0760114031679295,8.897376467705318,9656,2.6378602981567383
381,5.0760114031679295,8.897376467705318,9668,2.642007350921631
382,5.0760114031679295,8.897376467705318,9680,2.645390272140503
383,5.0760114031679295,8.897376467705318,9692,2.649242877960205
384,5.0760114031679295,8.897376467705318,9704,2.652726173400879
385,5.0760114031679295,8.897376467705318,9716,2.6565403938293457
386,5.0760114031679295,8.897376467705318,9728,2.6599977016448975
387,5.0760114031679295,8.897376467705318,9740,2.6633574962615967
388,5.0760114031679295,8.897376467705318,9870,2.696962594985962
389,5.0760114031679295,8.897376467705318,9882,2.69987154006958
390,5.0760114031679295,8.897376467705318,9894,2.7043750286102295
391,5.0760114031679295,8.897376467705318,9906,2.707907199859619
392,5.0760114031679295,8.897376467705318,9918,2.7108001708984375
393,5.0760114031679295,8.897376467705318,9930,2.714228868484497
394,5.0760114031679295,8.897376467705318,9942,2.7173666954040527
395,5.0760114031679295,8.897376467705318,9954,2.721522092819214
396,5.0760114031679295,8.897376467705318,9966,2.7254955768585205
397,5.0760114031679295,8.897376467705318,10096,2.756504535675049
398,5.0760114031679295,8.897376467705318,10108,2.7596070766448975
399,5.0760114031679295,8.897376467705318,10120,2.762953042984009
400,5.0760114031679295,8.897376467705318,10132,2.7655553817749023
401,5.0760114031679295,8.897376467705318,10144,2.7682576179504395
402,5.0760114031679295,8.897376467705318,10156,2.771747589111328
403,5.0760114031679295,8.897376467705318,10168,2.777261972427368
404,5.0760114031679295,8.897376467705318,10180,2.7797625064849854
405,5.0760114031679295,8.897376467705318,10192,2.7838823795318604
406,5.0760114031679295,8.897376467705318,10322,2.8155136108398438
407,5.0760114031679295,8.897376467705318,10334,2.8183817863464355
408,5.0760114031679295,8.897376467705318,10346,2.8205931186676025
409,5.0760114031679295,8.897376467705318,10358,2.8245787620544434
410,5.0760114031679295,8.897376467705318,10370,2.82780385017395
411,5.0760114031679295,8.897376467705318,10382,2.8324453830718994
412,5.0760114031679295,8.897376467705318,10394,2.8359568119049072
413,5.0760114031679295,8.897376467705318,10406,2.839770793914795
414,5.0760114031679295,8.897376467705318,10418,2.845193862915039
415,5.0760114031679295,8.897376467705318,10548,2.875598430633545
416,5.0760114031679295,8.897376467705318,10560,2.879365921020508
417,5.0760114031679295,8.897376467705318,10572,2.882763385772705
418,5.0760114031679295,8.897376467705318,10584,2.885699510574341
419,5.0760114031679295,8.897376467705318,10596,2.8891172409057617
420,5.0760114031679295,8.897376467705318,10608,2.8929426670074463
421,5.0760114031679295,8.897376467705318,10620,2.8957767486572266
422,5.0760114031679295,8.897376467705318,10632,2.898951292037964
423,5.0760114031679295,8.897376467705318,10644,2.9014956951141357
424,5.0760114031679295,8.897376467705318,10774,2.9315690994262695
425,5.0760114031679295,8.897376467705318,10786,2.935129404067993
426,5.0760114031679295,8.897376467705318,10798,2.9379563331604004
427,5.0760114031679295,8.897376467705318,10810,2.9424116611480713
428,5.0760114031679295,8.897376467705318,10822,2.9451444149017334
429,5.0760114031679295,8.897376467705318,10834,2.94895339012146
430,5.0760114031679295,8.897376467705318,10846,2.9530370235443115
431,5.0760114031679295,8.897376467705318,10858,2.9564127922058105
432,5.0760114031679295,8.897376467705318,10870,2.9600107669830322
433,5.0760114031679295,8.897376467705318,11000,2.9899790287017822
434,5.0760114031679295,8.897376467705318,11012,2.9931344985961914
435,5.0760114031679295,8.897376467705318,11024,2.9963438510894775
436,5.0760114031679295,8.897376467705318,11036,2.9993741512298584
437,5.0760114031679295,8.897376467705318,11048,3.0028460025787354
438,5.0760114031679295,8.897376467705318,11060,3.0072622299194336
439,5.0760114031679295,8.897376467705318,11072,3.0109808444976807
440,5.0760114031679295,8.897376467705318,11084,3.0142288208007812
441,5.0760114031679295,8.897376467705318,11096,3.0186924934387207
442,5.0760114031679295,8.897376467705318,11226,3.0505530834198
443,5.0760114031679295,8.897376467705318,11238,3.055521249771118
444,5.0760114031679295,8.897376467705318,11250,3.0586278438568115
445,5.0760114031679295,8.897376467705318,11262,3.0621047019958496
446,5.0760114031679295,8.897376467705318,11274,3.0654170513153076
447,5.0760114031679295,8.897376467705318,11286,3.0690436363220215
448,5.0760114031679295,8.897376467705318,11298,3.0725836753845215
449,5.0760114031679295,8.897376467705318,11310,3.075674533843994
450,5.0760114031679295,8.897376467705318,11322,3.078986406326294
451,5.0760114031679295,8.897376467705318,11452,3.109830856323242
452,5.0760114031679295,8.897376467705318,11464,3.112746000289917
453,5.0760114031679295,8.897376467705318,11476,3.115741729736328
454,5.0760114031679295,8.897376467705318,11488,3.119396924972534
455,5.0760114031679295,8.897376467705318,11500,3.125584363937378
456,5.0760114031679295,8.897376467705318,11512,3.1297125816345215
457,5.0760114031679295,8.897376467705318,11524,3.1331839561462402
458,5.0760114031679295,8.897376467705318,11536,3.1368534564971924
459,5.0760114031679295,8.897376467705318,11548,3.1401174068450928
460,5.0760114031679295,8.897376467705318,11678,3.172809600830078
461,5.0760114031679295,8.897376467705318,11690,3.176515817642212
462,5.0760114031679295,8.897376467705318,11702,3.1804873943328857
463,5.0760114031679295,8.897376467705318,11714,3.184690475463867
464,5.0760114031679295,8.897376467705318,11726,3.1885275840759277
465,5.0760114031679295,8.897376467705318,11738,3.1930863857269287
466,5.0760114031679295,8.897376467705318,11750,3.1974339485168457
467,5.0760114031679295,8.897376467705318,11762,3.2010467052459717
468,5.0760114031679295,8.897376467705318,11774,3.205327033996582
469,5.0760114031679295,8.897376467705318,11904,3.239546060562134
470,5.0760114031679295,8.897376467705318,11916,3.243535041809082
471,5.0760114031679295,8.897376467705318,11928,3.246277332305908
472,5.0760114031679295,8.897376467705318,11940,3.2496752738952637
473,5.0760114031679295,8.897376467705318,11952,3.2540650367736816
474,5.0760114031679295,8.897376467705318,11964,3.258108377456665
475,5.0760114031679295,8.897376467705318,11976,3.264787435531616
476,5.0760114031679295,8.897376467705318,11988,3.2678866386413574
477,5.0760114031679295,8.897376467705318,12000,3.2730190753936768
478,5.0760114031679295,8.897376467705318,12130,3.3064939975738525
479,5.0760114031679295,8.897376467705318,12142,3.3094797134399414
480,5.0760114031679295,8.897376467705318,12154,3.3137497901916504
481,5.0760114031679295,8.897376467705318,12166,3.3173131942749023
482,5.0760114031679295,8.897376467705318,12178,3.32131290435791
483,5.0760114031679295,8.897376467705318,12190,3.324303388595581
484,5.0760114031679295,8.897376467705318,12202,3.3273425102233887
485,5.0760114031679295,8.897376467705318,12214,3.3312201499938965
486,5.0760114031679295,8.897376467705318,12226,3.335118055343628
487,5.0760114031679295,8.897376467705318,12356,3.3718101978302
488,5.0760114031679295,8.897376467705318,12368,3.374969244003296
489,5.0760114031679295,8.897376467705318,12380,3.37845516204834
490,5.0760114031679295,8.897376467705318,12392,3.3829667568206787
491,5.0760114031679295,8.897376467705318,12404,3.3854000568389893
492,5.0760114031679295,8.897376467705318,12416,3.388934373855591
493,5.0760114031679295,8.897376467705318,12428,3.3912107944488525
494,5.0760114031679295,8.897376467705318,12440,3.394345760345459
495,5.0760114031679295,8.897376467705318,12452,3.3980915546417236
496,5.0760114031679295,8.897376467705318,12582,3.4327104091644287
497,5.0760114031679295,8.897376467705318,12594,3.4381513595581055
498,5.0760114031679295,8.897376467705318,12606,3.4418447017669678
499,5.0760114031679295,8.897376467705318,12618,3.445361852645874
500,5.0760114031679295,8.897376467705318,12630,3.449688196182251
501,5.0760114031679295,8.897376467705318,12642,3.4529707431793213
502,5.0760114031679295,8.897376467705318,12654,3.4560816287994385
503,5.0760114031679295,8.897376467705318,12666,3.4600770473480225
504,5.0760114031679295,8.897376467705318,12678,3.4635751247406006
505,5.0760114031679295,8.897376467705318,12808,3.49788498878479
506,5.0760114031679295,8.897376467705318,12820,3.5013349056243896
507,5.0760114031679295,8.897376467705318,12832,3.5046722888946533
508,5.0760114031679295,8.897376467705318,12844,3.5090765953063965
509,5.0760114031679295,8.897376467705318,12856,3.512216806411743
510,5.0760114031679295,8.897376467705318,12868,3.5154314041137695
511,5.0760114031679295,8.897376467705318,12880,3.5189545154571533
512,5.0760114031679295,8.897376467705318,12892,3.521984815597534
513,5.0760114031679295,8.897376467705318,12904,3.525259494781494
514,5.0760114031679295,8.897376467705318,13034,3.559523344039917
515,5.0760114031679295,8.897376467705318,13046,3.5637142658233643
516,5.0760114031679295,8.897376467705318,13058,3.5668697357177734
517,5.0760114031679295,8.897376467705318,13070,3.569382905960083
518,5.0760114031679295,8.897376467705318,13082,3.5736405849456787
519,5.0760114031679295,8.897376467705318,13094,3.579824686050415
520,5.0760114031679295,8.897376467705318,13106,3.5837292671203613
521,5.0760114031679295,8.897376467705318,13118,3.587301254272461
522,5.0760114031679295,8.897376467705318,13130,3.590451717376709
523,5.0760114031679295,8.897376467705318,13260,3.6250815391540527
524,5.0760114031679295,8.897376467705318,13272,3.6282684803009033
525,5.0760114031679295,8.897376467705318,13284,3.631204128265381
526,5.0760114031679295,8.897376467705318,13296,3.6357312202453613
527,5.0760114031679295,8.897376467705318,13308,3.6394729614257812
528,5.0760114031679295,8.897376467705318,13320,3.6430349349975586
529,5.0760114031679295,8.897376467705318,13332,3.6489083766937256
530,5.0760114031679295,8.897376467705318,13344,3.6519923210144043
531,5.0760114031679295,8.897376467705318,13356,3.655756711959839
532,5.0760114031679295,8.897376467705318,13486,3.6891391277313232
533,5.0760114031679295,8.897376467705318,13498,3.6932363510131836
534,5.0760114031679295,8.897376467705318,13510,3.6978089809417725
535,5.0760114031679295,8.897376467705318,13522,3.702089309692383
536,5.0760114031679295,8.897376467705318,13534,3.7058122158050537
537,5.0760114031679295,8.897376467705318,13546,3.71101713180542
538,5.0760114031679295,8.897376467705318,13558,3.7170474529266357
539,5.0760114031679295,8.897376467705318,13570,3.7223310470581055
540,5.0760114031679295,8.897376467705318,13582,3.7260196208953857
541,5.0760114031679295,8.897376467705318,13712,3.7654168605804443
542,5.0760114031679295,8.897376467705318,13724,3.7686398029327393
543,5.0760114031679295,8.897376467705318,13736,3.771052360534668
544,5.0760114031679295,8.897376467705318,13748,3.773688554763794
545,5.0760114031679295,8.897376467705318,13760,3.775740623474121
546,5.0760114031679295,8.897376467705318,13772,3.777435064315796
547,5.0760114031679295,8.897376467705318,13784,3.779066562652588
548,5.0760114031679295,8.897376467705318,13796,3.780655860900879
549,5.0760114031679295,8.897376467705318,13808,3.7827353477478027
550,5.0760114031679295,8.897376467705318,13938,3.800370931625366
551,5.0760114031679295,8.897376467705318,13950,3.801886558532715
552,5.0760114031679295,8.897376467705318,13962,3.803407669067383
553,5.0760114031679295,8.897376467705318,13974,3.8072190284729004
554,5.0760114031679295,8.897376467705318,13986,3.8103394508361816
555,5.0760114031679295,8.897376467705318,13998,3.8143627643585205
556,5.0760114031679295,8.897376467705318,14010,3.817795515060425
557,5.0760114031679295,8.897376467705318,14022,3.822028636932373
558,5.0760114031679295,8.897376467705318,14034,3.8262500762939453
559,5.0760114031679295,8.897376467705318,14164,3.861257791519165
560,5.0760114031679295,8.897376467705318,14176,3.86539626121521
561,5.0760114031679295,8.897376467705318,14188,3.8693816661834717
562,5.0760114031679295,8.897376467705318,14200,3.8735969066619873
563,5.0760114031679295,8.897376467705318,14212,3.877148151397705
564,5.0760114031679295,8.897376467705318,14224,3.881922960281372
565,5.0760114031679295,8.897376467705318,14236,3.88549542427063
566,5.0760114031679295,8.897376467705318,14248,3.8907434940338135
567,5.0760114031679295,8.897376467705318,14260,3.893718719482422
568,5.0760114031679295,8.897376467705318,14390,3.926515579223633
569,5.0760114031679295,8.897376467705318,14402,3.9297633171081543
570,5.0760114031679295,8.897376467705318,14414,3.9337639808654785
571,5.0760114031679295,8.897376467705318,14426,3.9376871585845947
572,5.0760114031679295,8.897376467705318,14438,3.941624402999878
573,5.0760114031679295,8.897376467705318,14450,3.94584321975708
574,5.0760114031679295,8.897376467705318,14462,3.9490222930908203
575,5.0760114031679295,8.897376467705318,14474,3.9522876739501953
576,5.0760114031679295,8.897376467705318,14486,3.9552650451660156
577,5.0760114031679295,8.897376467705318,14616,3.9911420345306396
578,5.0760114031679295,8.897376467705318,14628,3.9964704513549805
579,5.0760114031679295,8.897376467705318,14640,3.999601364135742
580,5.0760114031679295,8.897376467705318,14652,4.003270387649536
581,5.0760114031679295,8.897376467705318,14664,4.0065226554870605
582,5.0760114031679295,8.897376467705318,14676,4.009882688522339
583,5.0760114031679295,8.897376467705318,14688,4.013589143753052
584,5.0760114031679295,8.897376467705318,14700,4.017800569534302
585,5.0760114031679295,8.897376467705318,14712,4.022194862365723
586,5.0760114031679295,8.897376467705318,14842,4.056652069091797
587,5.0760114031679295,8.897376467705318,14854,4.059203863143921
588,5.0760114031679295,8.897376467705318,14866,4.065025568008423
589,5.0760114031679295,8.897376467705318,14878,4.069819688796997
590,5.0760114031679295,8.897376467705318,14890,4.073754549026489
591,5.0760114031679295,8.897376467705318,14902,4.077916383743286
592,5.0760114031679295,8.897376467705318,14914,4.081022024154663
593,5.0760114031679295,8.897376467705318,14926,4.084661960601807
594,5.0760114031679295,8.897376467705318,14938,4.089087724685669
595,5.0760114031679295,8.897376467705318,15068,4.122774600982666
596,5.0760114031679295,8.897376467705318,15080,4.125695466995239
597,5.0760114031679295,8.897376467705318,15092,4.128545522689819
598,5.0760114031679295,8.897376467705318,15104,4.134307861328125
599,5.0760114031679295,8.897376467705318,15116,4.13723349571228
600,5.0760114031679295,8.897376467705318,15128,4.1404218673706055
601,5.0760114031679295,8.897376467705318,15140,4.144295930862427
602,5.0760114031679295,8.897376467705318,15152,4.147869110107422
603,5.0760114031679295,8.897376467705318,15164,4.151620864868164
604,5.0760114031679295,8.897376467705318,15294,4.185025453567505
605,5.0760114031679295,8.897376467705318,15306,4.189236879348755
606,5.0760114031679295,8.897376467705318,15318,4.192683458328247
607,5.0760114031679295,8.897376467705318,15330,4.195919752120972
608,5.0760114031679295,8.897376467705318,15342,4.198959112167358
609,5.0760114031679295,8.897376467705318,15354,4.202096939086914
610,5.0760114031679295,8.897376467705318,15366,4.207209587097168
611,5.0760114031679295,8.897376467705318,15378,4.211019039154053
612,5.0760114031679295,8.897376467705318,15390,4.214689254760742
613,5.0760114031679295,8.897376467705318,15520,4.249020099639893
614,5.0760114031679295,8.897376467705318,15532,4.253814935684204
615,5.0760114031679295,8.897376467705318,15544,4.256733179092407
616,5.0760114031679295,8.897376467705318,15556,4.260653972625732
617,5.0760114031679295,8.897376467705318,15568,4.263814687728882
618,5.0760114031679295,8.897376467705318,15580,4.267257928848267
619,5.0760114031679295,8.897376467705318,15592,4.271844387054443
620,5.0760114031679295,8.897376467705318,15604,4.277679681777954
621,5.0760114031679295,8.897376467705318,15616,4.282014846801758
622,5.0760114031679295,8.897376467705318,15746,4.31476902961731
623,5.0760114031679295,8.897376467705318,15758,4.317853927612305
624,5.0760114031679295,8.897376467705318,15770,4.3213629722595215
625,5.0760114031679295,8.897376467705318,15782,4.3249592781066895
626,5.0760114031679295,8.897376467705318,15794,4.328931093215942
627,5.0760114031679295,8.897376467705318,15806,4.332597494125366
628,5.0760114031679295,8.897376467705318,15818,4.336446762084961
629,5.0760114031679295,8.897376467705318,15830,4.339438199996948
630,5.0760114031679295,8.897376467705318,15842,4.343688726425171
631,5.0760114031679295,8.897376467705318,15972,4.384047269821167
632,5.0760114031679295,8.897376467705318,15984,4.387469291687012
633,5.0760114031679295,8.897376467705318,15996,4.391527414321899
634,5.0760114031679295,8.897376467705318,16008,4.394489765167236
635,5.0760114031679295,8.897376467705318,16020,4.397483587265015
636,5.0760114031679295,8.897376467705318,16032,4.401005744934082
637,5.0760114031679295,8.897376467705318,16044,4.405083656311035
638,5.0760114031679295,8.897376467705318,16056,4.40850830078125
639,5.0760114031679295,8.897376467705318,16068,4.412196159362793
640,5.0760114031679295,8.897376467705318,16198,4.445803642272949
641,5.0760114031679295,8.897376467705318,16210,4.451131582260132
642,5.0760114031679295,8.897376467705318,16222,4.455065011978149
643,5.0760114031679295,8.897376467705318,16234,4.457324266433716
644,5.0760114031679295,8.897376467705318,16246,4.461385011672974
645,5.0760114031679295,8.897376467705318,16258,4.465131998062134
646,5.0760114031679295,8.897376467705318,16270,4.469134330749512
647,5.0760114031679295,8.897376467705318,16282,4.472533464431763
648,5.0760114031679295,8.897376467705318,16294,4.4760754108428955
649,5.0760114031679295,8.897376467705318,16424,4.520950794219971
650,5.0760114031679295,8.897376467705318,16436,4.523706674575806
651,5.0760114031679295,8.897376467705318,16448,4.5280866622924805
652,5.0760114031679295,8.897376467705318,16460,4.5320892333984375
653,5.0760114031679295,8.897376467705318,16472,4.535564661026001
654,5.0760114031679295,8.897376467705318,16484,4.5389723777771
655,5.0760114031679295,8.897376467705318,16496,4.5432493686676025
656,5.0760114031679295,8.897376467705318,16508,4.547047853469849
657,5.0760114031679295,8.897376467705318,16520,4.549799919128418
658,5.0760114031679295,8.897376467705318,16650,4.587812662124634
659,5.0760114031679295,8.897376467705318,16662,4.592411279678345
660,5.0760114031679295,8.897376467705318,16674,4.595447063446045
661,5.0760114031679295,8.897376467705318,16686,4.598715305328369
662,5.0760114031679295,8.897376467705318,16698,4.602489471435547
663,5.0760114031679295,8.897376467705318,16710,4.605328321456909
664,5.0760114031679295,8.897376467705318,16722,4.608313083648682
665,5.0760114031679295,8.897376467705318,16734,4.6121344566345215
666,5.0760114031679295,8.897376467705318,16746,4.614636659622192
667,5.0760114031679295,8.897376467705318,16876,4.650745868682861
668,5.0760114031679295,8.897376467705318,16888,4.6538097858428955
669,5.0760114031679295,8.897376467705318,16900,4.659858703613281
670,5.0760114031679295,8.897376467705318,16912,4.663543224334717
671,5.0760114031679295,8.897376467705318,16924,4.6666600704193115
672,5.0760114031679295,8.897376467705318,16936,4.671513080596924
673,5.0760114031679295,8.897376467705318,16948,4.6756556034088135
674,5.0760114031679295,8.897376467705318,16960,4.680109739303589
675,5.0760114031679295,8.897376467705318,16972,4.684085130691528
676,5.0760114031679295,8.897376467705318,17102,4.721770286560059
677,5.0760114031679295,8.897376467705318,17114,4.725240230560303
678,5.0760114031679295,8.897376467705318,17126,4.73018741607666
679,5.0760114031679295,8.897376467705318,17138,4.734395265579224
680,5.0760114031679295,8.897376467705318,17150,4.737035751342773
681,5.0760114031679295,8.897376467705318,17162,4.740365982055664
682,5.0760114031679295,8.897376467705318,17174,4.7437005043029785
683,5.0760114031679295,8.897376467705318,17186,4.747639179229736
684,5.0760114031679295,8.897376467705318,17198,4.751824140548706
685,5.0760114031679295,8.897376467705318,17328,4.786311149597168
686,5.0760114031679295,8.897376467705318,17340,4.789882183074951
687,5.0760114031679295,8.897376467705318,17352,4.795653820037842
688,5.0760114031679295,8.897376467705318,17364,4.8016204833984375
689,5.0760114031679295,8.897376467705318,17376,4.805264711380005
690,5.0760114031679295,8.897376467705318,17388,4.809090852737427
691,5.0760114031679295,8.897376467705318,17400,4.812074422836304
692,5.0760114031679295,8.897376467705318,17412,4.815830945968628
693,5.0760114031679295,8.897376467705318,17424,4.819962739944458
694,5.0760114031679295,8.897376467705318,17554,4.857471704483032
695,5.0760114031679295,8.897376467705318,17566,4.860936880111694
696,5.0760114031679295,8.897376467705318,17578,4.8642449378967285
697,5.0760114031679295,8.897376467705318,17590,4.870290517807007
698,5.0760114031679295,8.897376467705318,17602,4.874203681945801
699,5.0760114031679295,8.897376467705318,17614,4.8782172203063965
700,5.0760114031679295,8.897376467705318,17626,4.881359815597534
701,5.0760114031679295,8.897376467705318,17638,4.886454820632935
702,5.0760114031679295,8.897376467705318,17650,4.891745090484619
703,5.0760114031679295,8.897376467705318,17780,4.924074411392212
704,5.0760114031679295,8.897376467705318,17792,4.928114175796509
705,5.0760114031679295,8.897376467705318,17804,4.9307861328125
706,5.0760114031679295,8.897376467705318,17816,4.934942245483398
707,5.0760114031679295,8.897376467705318,17828,4.94041895866394
708,5.0760114031679295,8.897376467705318,17840,4.945425033569336
709,5.0760114031679295,8.897376467705318,17852,4.95006537437439
710,5.0760114031679295,8.897376467705318,17864,4.954049110412598
711,5.0760114031679295,8.897376467705318,17876,4.957408905029297
712,5.0760114031679295,8.897376467705318,18006,4.993810653686523
713,5.0760114031679295,8.897376467705318,18018,4.998408079147339
714,5.0760114031679295,8.897376467705318,18030,5.0029706954956055
715,5.0760114031679295,8.897376467705318,18042,5.00683331489563
716,5.0760114031679295,8.897376467705318,18054,5.0122230052948
717,5.0760114031679295,8.897376467705318,18066,5.015303611755371
718,5.0760114031679295,8.897376467705318,18078,5.019376754760742
719,5.0760114031679295,8.897376467705318,18090,5.023279428482056
720,5.0760114031679295,8.897376467705318,18102,5.0275304317474365
721,5.0760114031679295,8.897376467705318,18232,5.061534881591797
722,5.0760114031679295,8.897376467705318,18244,5.064949035644531
723,5.0760114031679295,8.897376467705318,18256,5.069066762924194
724,5.0760114031679295,8.897376467705318,18268,5.072115659713745
725,5.0760114031679295,8.897376467705318,18280,5.075875282287598
726,5.0760114031679295,8.897376467705318,18292,5.082074880599976
727,5.0760114031679295,8.897376467705318,18304,5.085082054138184
728,5.0760114031679295,8.897376467705318,18316,5.08882737159729
729,5.0760114031679295,8.897376467705318,18328,5.091729402542114
730,5.0760114031679295,8.897376467705318,18458,5.125047922134399
731,5.0760114031679295,8.897376467705318,18470,5.128717660903931
732,5.0760114031679295,8.897376467705318,18482,5.1322855949401855
733,5.0760114031679295,8.897376467705318,18494,5.135894060134888
734,5.0760114031679295,8.897376467705318,18506,5.140568971633911
735,5.0760114031679295,8.897376467705318,18518,5.144757032394409
736,5.0760114031679295,8.897376467705318,18530,5.149994373321533
737,5.0760114031679295,8.897376467705318,18542,5.155095338821411
738,5.0760114031679295,8.897376467705318,18554,5.157695293426514
739,5.0760114031679295,8.897376467705318,18684,5.19595742225647
740,5.0760114031679295,8.897376467705318,18696,5.199987173080444
741,5.0760114031679295,8.897376467705318,18708,5.203430652618408
742,5.0760114031679295,8.897376467705318,18720,5.20638370513916
743,5.0760114031679295,8.897376467705318,18732,5.2095255851745605
744,5.0760114031679295,8.897376467705318,18744,5.212899923324585
745,5.0760114031679295,8.897376467705318,18756,5.216365337371826
746,5.0760114031679295,8.897376467705318,18768,5.221736907958984
747,5.0760114031679295,8.897376467705318,18780,5.225491762161255
748,5.0760114031679295,8.897376467705318,18910,5.2621777057647705
749,5.0760114031679295,8.897376467705318,18922,5.265220642089844
750,5.0760114031679295,8.897376467705318,18934,5.2683045864105225
751,5.0760114031679295,8.897376467705318,18946,5.273083209991455
752,5.0760114031679295,8.897376467705318,18958,5.276878118515015
753,5.0760114031679295,8.897376467705318,18970,5.280195236206055
754,5.0760114031679295,8.897376467705318,18982,5.284919738769531
755,5.0760114031679295,8.897376467705318,18994,5.289506196975708
756,5.0760114031679295,8.897376467705318,19006,5.29254674911499
757,5.0760114031679295,8.897376467705318,19136,5.325140953063965
758,5.0760114031679295,8.897376467705318,19148,5.32957124710083
759,5.0760114031679295,8.897376467705318,19160,5.334478139877319
760,5.0760114031679295,8.897376467705318,19172,5.337141275405884
761,5.0760114031679295,8.897376467705318,19184,5.341296911239624
762,5.0760114031679295,8.897376467705318,19196,5.344987392425537
763,5.0760114031679295,8.897376467705318,19208,5.3481268882751465
764,5.0760114031679295,8.897376467705318,19220,5.351475477218628
765,5.0760114031679295,8.897376467705318,19232,5.3547890186309814
766,5.0760114031679295,8.897376467705318,19362,5.392756223678589
767,5.0760114031679295,8.897376467705318,19374,5.3975818157196045
768,5.0760114031679295,8.897376467705318,19386,5.402710437774658
769,5.0760114031679295,8.897376467705318,19398,5.406726360321045
770,5.0760114031679295,8.897376467705318,19410,5.410661935806274
771,5.0760114031679295,8.897376467705318,19422,5.414405584335327
772,5.0760114031679295,8.897376467705318,19434,5.418551206588745
773,5.0760114031679295,8.897376467705318,19446,5.422236204147339
774,5.0760114031679295,8.897376467705318,19458,5.425991773605347
775,5.0760114031679295,8.897376467705318,19588,5.466312408447266
776,5.0760114031679295,8.897376467705318,19600,5.469487428665161
777,5.0760114031679295,8.897376467705318,19612,5.474161624908447
778,5.0760114031679295,8.897376467705318,19624,5.477262258529663
779,5.0760114031679295,8.897376467705318,19636,5.482259511947632
780,5.0760114031679295,8.897376467705318,19648,5.486146688461304
781,5.0760114031679295,8.897376467705318,19660,5.4898841381073
782,5.0760114031679295,8.897376467705318,19672,5.49293851852417
783,5.0760114031679295,8.897376467705318,19684,5.496170520782471
784,5.0760114031679295,8.897376467705318,19814,5.535374164581299
785,5.0760114031679295,8.897376467705318,19826,5.538928985595703
786,5.0760114031679295,8.897376467705318,19838,5.543382406234741
787,5.0760114031679295,8.897376467705318,19850,5.547913551330566
788,5.0760114031679295,8.897376467705318,19862,5.551959753036499
789,5.0760114031679295,8.897376467705318,19874,5.55554461479187
790,5.0760114031679295,8.897376467705318,19886,5.559528827667236
791,5.0760114031679295,8.897376467705318,19898,5.5633275508880615
792,5.0760114031679295,8.897376467705318,19910,5.56674599647522
793,5.0760114031679295,8.897376467705318,20040,5.60547137260437
794,5.0760114031679295,8.897376467705318,20052,5.609248638153076
795,5.0760114031679295,8.897376467705318,20064,5.613079309463501
796,5.0760114031679295,8.897376467705318,20076,5.616191625595093
797,5.0760114031679295,8.897376467705318,20088,5.62030553817749
798,5.0760114031679295,8.897376467705318,20100,5.623813152313232
799,5.0760114031679295,8.897376467705318,20112,5.6280272006988525
800,5.0760114031679295,8.897376467705318,20124,5.632005929946899
801,5.0760114031679295,8.897376467705318,20136,5.635566473007202
802,5.0760114031679295,8.897376467705318,20266,5.6711766719818115
803,5.0760114031679295,8.897376467705318,20278,5.677430868148804
804,5.0760114031679295,8.897376467705318,20290,5.681521654129028
805,5.0760114031679295,8.897376467705318,20302,5.685624122619629
806,5.0760114031679295,8.897376467705318,20314,5.690733194351196
807,5.0760114031679295,8.897376467705318,20326,5.6942901611328125
808,5.0760114031679295,8.897376467705318,20338,5.6983277797698975
809,5.0760114031679295,8.897376467705318,20350,5.702714920043945
810,5.0760114031679295,8.897376467705318,20362,5.7065956592559814
811,5.0760114031679295,8.897376467705318,20492,5.740393400192261
812,5.0760114031679295,8.897376467705318,20504,5.745811700820923
813,5.0760114031679295,8.897376467705318,20516,5.748705863952637
814,5.0760114031679295,8.897376467705318,20528,5.7523744106292725
815,5.0760114031679295,8.897376467705318,20540,5.756092071533203
816,5.0760114031679295,8.897376467705318,20552,5.759665489196777
817,5.0760114031679295,8.897376467705318,20564,5.7634851932525635
818,5.0760114031679295,8.897376467705318,20576,5.768466234207153
819,5.0760114031679295,8.897376467705318,20588,5.773399114608765
820,5.0760114031679295,8.897376467705318,20718,5.808906316757202
821,5.0760114031679295,8.897376467705318,20730,5.815114498138428
822,5.0760114031679295,8.897376467705318,20742,5.8182737827301025
823,5.0760114031679295,8.897376467705318,20754,5.822759628295898
824,5.0760114031679295,8.897376467705318,20766,5.826177358627319
825,5.0760114031679295,8.897376467705318,20778,5.829519748687744
826,5.0760114031679295,8.897376467705318,20790,5.833454370498657
827,5.0760114031679295,8.897376467705318,20802,5.8380327224731445
828,5.0760114031679295,8.897376467705318,20814,5.84119176864624
829,5.0760114031679295,8.897376467705318,20944,5.875756502151489
830,5.0760114031679295,8.897376467705318,20956,5.879201650619507
831,5.0760114031679295,8.897376467705318,20968,5.884813547134399
832,5.0760114031679295,8.897376467705318,20980,5.887876987457275
833,5.0760114031679295,8.897376467705318,20992,5.892626047134399
834,5.0760114031679295,8.897376467705318,21004,5.8959479331970215
835,5.0760114031679295,8.897376467705318,21016,5.899228811264038
836,5.0760114031679295,8.897376467705318,21028,5.903427600860596
837,5.0760114031679295,8.897376467705318,21040,5.906966686248779
838,5.0760114031679295,8.897376467705318,21170,5.9420695304870605
839,5.0760114031679295,8.897376467705318,21182,5.945890188217163
840,5.0760114031679295,8.897376467705318,21194,5.9499170780181885
841,5.0760114031679295,8.897376467705318,21206,5.955322742462158
842,5.0760114031679295,8.897376467705318,21218,5.958600759506226
843,5.0760114031679295,8.897376467705318,21230,5.962058782577515
844,5.0760114031679295,8.897376467705318,21242,5.965311050415039
845,5.0760114031679295,8.897376467705318,21254,5.968578338623047
846,5.0760114031679295,8.897376467705318,21266,5.972267150878906
847,5.0760114031679295,8.897376467705318,21396,6.010189056396484
848,5.0760114031679295,8.897376467705318,21408,6.01289176940918
849,5.0760114031679295,8.897376467705318,21420,6.016977310180664
850,5.0760114031679295,8.897376467705318,21432,6.020987033843994
851,5.0760114031679295,8.897376467705318,21444,6.026392221450806
852,5.0760114031679295,8.897376467705318,21456,6.030941009521484
853,5.0760114031679295,8.897376467705318,21468,6.034511089324951
854,5.0760114031679295,8.897376467705318,21480,6.038469314575195
855,5.0760114031679295,8.897376467705318,21492,6.042182922363281
856,5.0760114031679295,8.897376467705318,21622,6.080815315246582
857,5.0760114031679295,8.897376467705318,21634,6.086906433105469
858,5.0760114031679295,8.897376467705318,21646,6.0932347774505615
859,5.0760114031679295,8.897376467705318,21658,6.0976269245147705
860,5.0760114031679295,8.897376467705318,21670,6.103837728500366
861,5.0760114031679295,8.897376467705318,21682,6.10903787612915
862,5.0760114031679295,8.897376467705318,21694,6.114121675491333
863,5.0760114031679295,8.897376467705318,21706,6.118548154830933
864,5.0760114031679295,8.897376467705318,21718,6.123779058456421
865,5.0760114031679295,8.897376467705318,21848,6.16840934753418
866,5.0760114031679295,8.897376467705318,21860,6.173564434051514
867,5.0760114031679295,8.897376467705318,21872,6.177823543548584
868,5.0760114031679295,8.897376467705318,21884,6.183425664901733
869,5.0760114031679295,8.897376467705318,21896,6.18826150894165
870,5.0760114031679295,8.897376467705318,21908,6.19359827041626
871,5.0760114031679295,8.897376467705318,21920,6.202782869338989
872,5.0760114031679295,8.897376467705318,21932,6.208183288574219
873,5.0760114031679295,8.897376467705318,21944,6.213201522827148
874,5.0760114031679295,8.897376467705318,22074,6.265271902084351
875,5.0760114031679295,8.897376467705318,22086,6.271376609802246
876,5.0760114031679295,8.897376467705318,22098,6.276226282119751
877,5.0760114031679295,8.897376467705318,22110,6.280308723449707
878,5.0760114031679295,8.897376467705318,22122,6.285104513168335
879,5.0760114031679295,8.897376467705318,22134,6.28978967666626
880,5.0760114031679295,8.897376467705318,22146,6.293580532073975
881,5.0760114031679295,8.897376467705318,22158,6.299065589904785
882,5.0760114031679295,8.897376467705318,22170,6.307040214538574
883,5.0760114031679295,8.897376467705318,22300,6.335490703582764
884,5.0760114031679295,8.897376467705318,22312,6.339911699295044
885,5.0760114031679295,8.897376467705318,22324,6.343542814254761
886,5.0760114031679295,8.897376467705318,22336,6.3475401401519775
887,5.0760114031679295,8.897376467705318,22348,6.350468397140503
888,5.0760114031679295,8.897376467705318,22360,6.354477882385254
889,5.0760114031679295,8.897376467705318,22372,6.357456922531128
890,5.0760114031679295,8.897376467705318,22384,6.360411167144775
891,5.0760114031679295,8.897376467705318,22396,6.36385440826416
892,5.0760114031679295,8.897376467705318,22526,6.398689270019531
893,5.0760114031679295,8.897376467705318,22538,6.402670621871948
894,5.0760114031679295,8.897376467705318,22550,6.406287670135498
895,5.0760114031679295,8.897376467705318,22562,6.4106104373931885
896,5.0760114031679295,8.897376467705318,22574,6.4145348072052
897,5.0760114031679295,8.897376467705318,22586,6.418619155883789
898,5.0760114031679295,8.897376467705318,22598,6.422582387924194
899,5.0760114031679295,8.897376467705318,22610,6.425867795944214
900,5.0760114031679295,8.897376467705318,22622,6.429314613342285
901,5.0760114031679295,8.897376467705318,22752,6.4643683433532715
902,5.0760114031679295,8.897376467705318,22764,6.468483924865723
903,5.0760114031679295,8.897376467705318,22776,6.472214937210083
904,5.0760114031679295,8.897376467705318,22788,6.475587606430054
905,5.0760114031679295,8.897376467705318,22800,6.480742931365967
906,5.0760114031679295,8.897376467705318,22812,6.4834675788879395
907,5.0760114031679295,8.897376467705318,22824,6.486227750778198
908,5.0760114031679295,8.897376467705318,22836,6.490153074264526
909,5.0760114031679295,8.897376467705318,22848,6.493335723876953
910,5.0760114031679295,8.897376467705318,22978,6.527962684631348
911,5.0760114031679295,8.897376467705318,22990,6.530945539474487
912,5.0760114031679295,8.897376467705318,23002,6.534783124923706
913,5.0760114031679295,8.897376467705318,23014,6.539379119873047
914,5.0760114031679295,8.897376467705318,23026,6.543649911880493
915,5.0760114031679295,8.897376467705318,23038,6.547626733779907
916,5.0760114031679295,8.897376467705318,23050,6.553187370300293
917,5.0760114031679295,8.897376467705318,23062,6.556642293930054
918,5.0760114031679295,8.897376467705318,23074,6.559927701950073
919,5.0760114031679295,8.897376467705318,23204,6.592766284942627
920,5.0760114031679295,8.897376467705318,23216,6.5963873863220215
921,5.0760114031679295,8.897376467705318,23228,6.599998712539673
922,5.0760114031679295,8.897376467705318,23240,6.604574203491211
923,5.0760114031679295,8.897376467705318,23252,6.608484268188477
924,5.0760114031679295,8.897376467705318,23264,6.611696243286133
925,5.0760114031679295,8.897376467705318,23276,6.6156041622161865
926,5.0760114031679295,8.897376467705318,23288,6.620851993560791
927,5.0760114031679295,8.897376467705318,23300,6.625346899032593
928,5.0760114031679295,8.897376467705318,23430,6.659414291381836
929,5.0760114031679295,8.897376467705318,23442,6.662578582763672
930,5.0760114031679295,8.897376467705318,23454,6.665829658508301
931,5.0760114031679295,8.897376467705318,23466,6.6693549156188965
932,5.0760114031679295,8.897376467705318,23478,6.672185182571411
933,5.0760114031679295,8.897376467705318,23490,6.675233840942383
934,5.0760114031679295,8.897376467705318,23502,6.678305625915527
935,5.0760114031679295,8.897376467705318,23514,6.682447910308838
936,5.0760114031679295,8.897376467705318,23526,6.6859753131866455
937,5.0760114031679295,8.897376467705318,23656,6.718374967575073
938,5.0760114031679295,8.897376467705318,23668,6.7232420444488525
939,5.0760114031679295,8.897376467705318,23680,6.726015567779541
940,5.0760114031679295,8.897376467705318,23692,6.729728937149048
941,5.0760114031679295,8.897376467705318,23704,6.733075141906738
942,5.0760114031679295,8.897376467705318,23716,6.737491846084595
943,5.0760114031679295,8.897376467705318,23728,6.741913318634033
944,5.0760114031679295,8.897376467705318,23740,6.745060920715332
945,5.0760114031679295,8.897376467705318,23752,6.748652458190918
946,5.0760114031679295,8.897376467705318,23882,6.786348104476929
947,5.0760114031679295,8.897376467705318,23894,6.791094541549683
948,5.0760114031679295,8.897376467705318,23906,6.7963547706604
949,5.0760114031679295,8.897376467705318,23918,6.799477577209473
950,5.0760114031679295,8.897376467705318,23930,6.804348945617676
951,5.0760114031679295,8.897376467705318,23942,6.807753562927246
952,5.0760114031679295,8.897376467705318,23954,6.811704397201538
953,5.0760114031679295,8.897376467705318,23966,6.815264940261841
954,5.0760114031679295,8.897376467705318,23978,6.818651914596558
955,5.0760114031679295,8.897376467705318,24108,6.854885101318359
956,5.0760114031679295,8.897376467705318,24120,6.857837915420532
957,5.0760114031679295,8.897376467705318,24132,6.8634984493255615
958,5.0760114031679295,8.897376467705318,24144,6.867258071899414
959,5.0760114031679295,8.897376467705318,24156,6.870891332626343
960,5.0760114031679295,8.897376467705318,24168,6.875076532363892
961,5.0760114031679295,8.897376467705318,24180,6.878879070281982
962,5.0760114031679295,8.897376467705318,24192,6.882312536239624
963,5.0760114031679295,8.897376467705318,24204,6.885169267654419
964,5.0760114031679295,8.897376467705318,24334,6.92293381690979
965,5.0760114031679295,8.897376467705318,24346,6.9267637729644775
966,5.0760114031679295,8.897376467705318,24358,6.929834365844727
967,5.0760114031679295,8.897376467705318,24370,6.935579776763916
968,5.0760114031679295,8.897376467705318,24382,6.9398579597473145
969,5.0760114031679295,8.897376467705318,24394,6.943851709365845
970,5.0760114031679295,8.897376467705318,24406,6.94759726524353
971,5.0760114031679295,8.897376467705318,24418,6.9518883228302
972,5.0760114031679295,8.897376467705318,24430,6.956217050552368
973,5.0760114031679295,8.897376467705318,24560,6.990650415420532
974,5.0760114031679295,8.897376467705318,24572,6.993695497512817
975,5.0760114031679295,8.897376467705318,24584,6.998557090759277
976,5.0760114031679295,8.897376467705318,24596,7.002733945846558
977,5.0760114031679295,8.897376467705318,24608,7.007559061050415
978,5.0760114031679295,8.897376467705318,24620,7.012342929840088
979,5.0760114031679295,8.897376467705318,24632,7.016404151916504
980,5.0760114031679295,8.897376467705318,24644,7.01921534538269
981,5.0760114031679295,8.897376467705318,24656,7.023306369781494
982,5.0760114031679295,8.897376467705318,24786,7.060174465179443
983,5.0760114031679295,8.897376467705318,24798,7.063418388366699
984,5.0760114031679295,8.897376467705318,24810,7.067505359649658
985,5.0760114031679295,8.897376467705318,24822,7.072502613067627
986,5.0760114031679295,8.897376467705318,24834,7.0774455070495605
987,5.0760114031679295,8.897376467705318,24846,7.081783294677734
988,5.0760114031679295,8.897376467705318,24858,7.085670709609985
989,5.0760114031679295,8.897376467705318,24870,7.089540481567383
990,5.0760114031679295,8.897376467705318,24882,7.093552350997925
991,5.0760114031679295,8.897376467705318,25012,7.1325013637542725
992,5.0760114031679295,8.897376467705318,25024,7.13675856590271
993,5.0760114031679295,8.897376467705318,25036,7.140498161315918
994,5.0760114031679295,8.897376467705318,25048,7.146184682846069
995,5.0760114031679295,8.897376467705318,25060,7.1500842571258545
996,5.0760114031679295,8.897376467705318,25072,7.154471397399902
997,5.0760114031679295,8.897376467705318,25084,7.1587629318237305
998,5.0760114031679295,8.897376467705318,25096,7.164318799972534
999,5.0760114031679295,8.897376467705318,25108,7.167429685592651
1000,5.0760114031679295,8.897376467705318,25238,7.205502271652222
