gen,best_fitness,mean_fitness,evals,time_sec
0,811.5466301838628,1137.609386723079,60,0.005585193634033203
1,340.96297100306947,1193.1190341357817,102,0.01841115951538086
2,333.7273855222014,1334.5288034021798,174,0.034481048583984375
3,333.7273855222014,1024.9725387739056,228,0.049666404724121094
4,333.7273855222014,1198.9641318816834,294,0.06528258323669434
5,333.7273855222014,1052.683497867104,350,0.0801694393157959
6,333.7273855222014,1166.3061070782285,412,0.09663820266723633
7,333.7273855222014,1099.6973998488854,465,0.11366701126098633
8,333.7273855222014,624.1382748410144,527,0.1310737133026123
9,333.7273855222014,630.0316902037455,595,0.14870953559875488
10,333.7273855222014,550.0213573310762,649,0.1651744842529297
11,331.9014355386078,568.3404859487654,717,0.18110942840576172
12,152.7581810779085,415.9410604591747,792,0.19904828071594238
13,106.67844725566532,278.876494027615,855,0.21544480323791504
14,52.2252893808887,199.53140856178476,934,0.2315080165863037
15,24.74413621717354,109.39706608754315,1010,0.24788832664489746
16,15.164755315060598,79.34784560771351,1090,0.26783061027526855
17,6.765828802810528,53.19199619340306,1166,0.2848331928253174
18,6.765828802810528,36.18311437894112,1242,0.30182480812072754
19,6.765828802810528,33.27306210842648,1324,0.3188347816467285
20,6.295645427960397,24.541307603244817,1399,0.33505988121032715
21,6.295645427960397,21.21169445831541,1474,0.3517472743988037
22,6.045962064184811,20.105739363655463,1552,0.3696556091308594
23,6.045962064184811,20.421719728433466,1634,0.38669347763061523
24,5.342006117430155,18.96349684979498,1721,0.40602684020996094
25,5.342006117430155,17.270179408997457,1796,0.42436647415161133
26,5.342006117430155,15.644722379535626,1870,0.441270112991333
27,5.342006117430155,17.18626652944955,1956,0.4595017433166504
28,4.973245177913217,14.444142032413156,2047,0.47640514373779297
29,4.973245177913217,12.832223606575342,2124,0.4926269054412842
30,4.973245177913217,11.066875346278568,2198,0.5092513561248779
31,4.973245177913217,11.671569835975967,2290,0.5267188549041748
32,4.973245177913217,12.44219879297197,2374,0.5457425117492676
33,4.721792929221934,11.356437707450333,2468,0.5633587837219238
34,4.721792929221934,7.715300501978649,2531,0.5799603462219238
35,4.721792929221934,6.042334248296561,2624,0.5973141193389893
36,4.721792929221934,5.4241305396961845,2710,0.6171262264251709
37,4.721792929221934,5.101160470067538,2791,0.6357367038726807
38,4.569247158773584,4.996409458084447,2871,0.6536910533905029
39,4.569247158773584,4.962717745665801,2910,0.6670997142791748
40,4.479692840614692,4.910053117190091,3001,0.6841244697570801
41,4.472545456799109,4.800283115704529,3026,0.6968529224395752
42,4.378428001838846,4.7323172251217835,3086,0.7125236988067627
43,4.3749672104786645,4.744527424820009,3178,0.7322220802307129
44,4.373693035778736,4.672182645399477,3264,0.7497715950012207
45,4.372689245660779,4.586960213606215,3349,0.7657792568206787
46,4.363876616210018,4.449860174694876,3410,0.7807962894439697
47,4.341622527625785,4.406956621467371,3481,0.7967045307159424
48,4.341622527625785,4.394990881610126,3565,0.8144998550415039
49,4.333289451538237,4.392900437653122,3653,0.8326077461242676
50,4.326938783298328,4.370984103217555,3718,0.8511476516723633
51,4.320909984573657,4.366608946964534,3806,0.868304967880249
52,4.320909984573657,4.355235146341594,3889,0.8845014572143555
53,4.319198649368094,4.3429873323609804,3951,0.9007894992828369
54,4.319198649368094,4.3389327586747175,4022,0.9156391620635986
55,4.317707974950432,4.337975993747142,4102,0.9312851428985596
56,4.317707974950432,4.3328114882960405,4163,0.9463107585906982
57,4.317707974950432,4.333029891612853,4236,0.9614953994750977
58,4.314952369206369,4.3329084975481695,4308,0.9773862361907959
59,4.314952369206369,4.330898967599833,4376,0.9936561584472656
60,4.314952369206369,4.332541758725231,4455,1.0130081176757812
61,4.314952369206369,4.328913450583426,4524,1.0309627056121826
62,4.314376670833981,4.328452194461362,4597,1.0467305183410645
63,4.314376670833981,4.327958182359086,4671,1.062737226486206
64,4.314376670833981,4.325684197510578,4743,1.078357458114624
65,4.31369802021105,4.32566796519753,4824,1.094489336013794
66,4.31369802021105,4.3225419247227315,4889,1.1089003086090088
67,4.31369802021105,4.321232989803402,4961,1.124589443206787
68,4.313282938719702,4.32215255313631,5041,1.1410655975341797
69,4.312970561090376,4.321355363426193,5114,1.1583287715911865
70,4.312433232984494,4.319794338996638,5184,1.1756186485290527
71,4.312433232984494,4.318919471653527,5253,1.192072868347168
72,4.3119567911929595,4.318604424550945,5329,1.2089030742645264
73,4.311805004628386,4.319209447037803,5407,1.226423978805542
74,4.311478310889807,4.318733762902214,5479,1.2420132160186768
75,4.311478310889807,4.317045648781013,5551,1.256911039352417
76,4.3113653349420185,4.316916682557365,5626,1.2739410400390625
77,4.310778514055996,4.316129126848393,5696,1.2891721725463867
78,4.310778514055996,4.315791388239862,5770,1.3049023151397705
79,4.310778514055996,4.316263600458028,5847,1.3215577602386475
80,4.3103309392610525,4.314798245530031,5910,1.3363683223724365
81,4.3103309392610525,4.314734001262463,5986,1.3533878326416016
82,4.3103309392610525,4.314828219435255,6059,1.3715102672576904
83,4.310062104815942,4.313455269874003,6122,1.3855774402618408
84,4.310062104815942,4.314247881616534,6205,1.4018592834472656
85,4.310062104815942,4.313245775361841,6268,1.41707181930542
86,4.309910638791794,4.3128232490748974,6337,1.4327573776245117
87,4.309734232968268,4.312919540538143,6409,1.450953722000122
88,4.30970584589368,4.312488872903515,6476,1.467120885848999
89,4.309417049164502,4.312348482380754,6543,1.4824447631835938
90,4.309417049164502,4.311820545985766,6612,1.4973061084747314
91,4.309417049164502,4.311983223629024,6688,1.5137505531311035
92,4.30910551063017,4.3114823092212164,6752,1.528233289718628
93,4.30910551063017,4.311108080909488,6817,1.5435054302215576
94,4.30910551063017,4.311467412833683,6892,1.5580201148986816
95,4.30910551063017,4.310973510973812,6955,1.5729460716247559
96,4.30910551063017,4.310778247243652,7025,1.5885741710662842
97,4.309097380332963,4.3108528588966974,7097,1.6045804023742676
98,4.309097380332963,4.3102868305870725,7164,1.6198811531066895
99,4.308914974482834,4.310241301886891,7246,1.6365666389465332
100,4.308781603851106,4.309651745250264,7304,1.6515421867370605
101,4.308616982756822,4.309366948968003,7370,1.6679003238677979
102,4.308467227256973,4.309414162182464,7456,1.682997465133667
103,4.308435464067072,4.309281808038291,7541,1.6980822086334229
104,4.30842070908414,4.308871751509292,7601,1.7113173007965088
105,4.308336435753247,4.308696658212943,7674,1.7267072200775146
106,4.308328161673622,4.3085592884951,7723,1.7416658401489258
107,4.308118078166739,4.308472696597119,7772,1.7539150714874268
108,4.3081149614191805,4.308409405268123,7806,1.7657482624053955
109,4.308106648002973,4.308355233869847,7834,1.7764198780059814
110,4.308106648002973,4.308298965921713,7854,1.7870965003967285
111,4.308020213181274,4.308208685835044,7893,1.7982659339904785
112,4.3079702745442985,4.308140697225295,7942,1.811978816986084
113,4.307964433546297,4.308098001658734,7991,1.8253514766693115
114,4.307962377549039,4.3080837591114625,8059,1.8413169384002686
115,4.3078990627271585,4.308051730913877,8122,1.8559587001800537
116,4.307863356485641,4.308013867837151,8173,1.870847225189209
117,4.307863356485641,4.30798725213813,8208,1.8842179775238037
118,4.307863356485641,4.307963725606224,8259,1.8969147205352783
119,4.307861218198348,4.3079568440916285,8336,1.9127390384674072
120,4.3078572632978585,4.307919097794311,8388,1.925506591796875
121,4.3078572632978585,4.307907587779335,8457,1.9399394989013672
122,4.307854388594335,4.30790641207111,8533,1.9555306434631348
123,4.307854388594335,4.307906593018341,8605,1.9711148738861084
124,4.307851069728479,4.307893422605606,8676,1.9860649108886719
125,4.307830313861909,4.30788537366189,8743,2.0010318756103516
126,4.307830313861909,4.307871265080624,8804,2.0161755084991455
127,4.3078061436787385,4.307873451533497,8883,2.0315699577331543
128,4.307779550908185,4.3078609964582535,8945,2.0454931259155273
129,4.307758840630582,4.307846252530287,8986,2.0585854053497314
130,4.307756433695063,4.307834148605122,9009,2.0705995559692383
131,4.307752581843123,4.307821510239951,9033,2.0818886756896973
132,4.307743242703129,4.307804462819933,9063,2.093146800994873
133,4.307743242703129,4.30778482004268,9091,2.104689598083496
134,4.307737073244793,4.307771503408497,9137,2.1164257526397705
135,4.307736869248895,4.307764976992782,9199,2.1322014331817627
136,4.30772391427329,4.3077590808171005,9259,2.1462063789367676
137,4.307715309659667,4.3077559662183775,9332,2.1614418029785156
138,4.3077144825567375,4.307748640835143,9399,2.1782140731811523
139,4.3077144825567375,4.307743891975789,9464,2.194112777709961
140,4.3077144825567375,4.307738196231887,9533,2.210203170776367
141,4.307713125050283,4.30773154627707,9601,2.224992513656616
142,4.307713125050283,4.307730192863706,9670,2.240137815475464
143,4.307712982885409,4.307730498386372,9750,2.2548770904541016
144,4.307712982885409,4.3077279360458824,9823,2.2705037593841553
145,4.307703262590966,4.307725299194203,9893,2.2857937812805176
146,4.3076944102703445,4.3077210221122595,9953,2.299844264984131
147,4.3076944102703445,4.307719657676666,10026,2.315286159515381
148,4.307694179905043,4.307713839901445,10082,2.3310940265655518
149,4.307688333194072,4.307712440230401,10159,2.346787214279175
150,4.3076782687595685,4.30770621349977,10228,2.3614604473114014
151,4.3076782687595685,4.30769751932015,10282,2.374727964401245
152,4.307663065820738,4.307694293524974,10348,2.3892130851745605
153,4.3076619189926735,4.307688867568272,10371,2.4000601768493652
154,4.307660921201729,4.307684426407124,10386,2.4094386100769043
155,4.307658838335126,4.307678930652632,10412,2.420487642288208
156,4.307651580356727,4.30767194843944,10445,2.4316647052764893
157,4.307649827298349,4.307666764292303,10483,2.443927049636841
158,4.307649041544001,4.30766395963917,10527,2.4566686153411865
159,4.307649041544001,4.307661059123147,10571,2.4687254428863525
160,4.307648085653695,4.307659275032673,10627,2.48359751701355
161,4.307647530382395,4.307658136833561,10704,2.500171661376953
162,4.307647329174519,4.307654031262256,10758,2.5143208503723145
163,4.307642511852435,4.307653351920459,10837,2.5298445224761963
164,4.307642310088877,4.307650341771011,10890,2.5428662300109863
165,4.307642310088877,4.307650341729436,10964,2.558004856109619
166,4.307642310088877,4.307649788873726,11031,2.5733797550201416
167,4.307642310088877,4.307649306821349,11101,2.5881969928741455
168,4.307642178744967,4.307647413046474,11163,2.602588176727295
169,4.3076420410222775,4.307647153497305,11235,2.6195223331451416
170,4.307641082315018,4.3076471075160105,11311,2.6378588676452637
171,4.307639879597415,4.307645843388686,11376,2.653907060623169
172,4.307638093440284,4.307644874637651,11451,2.6702311038970947
173,4.3076375373412406,4.307644239886502,11524,2.685490846633911
174,4.307637154103804,4.307643169625197,11583,2.6999077796936035
175,4.307636761845137,4.307642712208692,11658,2.7148232460021973
176,4.307636761845137,4.307641592159213,11722,2.7301955223083496
177,4.307636649435131,4.307640817739351,11792,2.7456750869750977
178,4.307636325338045,4.307640439736656,11870,2.7611820697784424
179,4.307636112789402,4.307639549599113,11939,2.775641441345215
180,4.307636093957696,4.307639255283011,12015,2.792043924331665
181,4.307636093957696,4.307638888058159,12088,2.8078370094299316
182,4.307636030921678,4.307639160207544,12165,2.8239636421203613
183,4.307635875247727,4.30763926182346,12244,2.8400678634643555
184,4.307635822423266,4.307638839012183,12316,2.854870080947876
185,4.307635750972995,4.307638693293577,12389,2.8709805011749268
186,4.307635578987908,4.307638296671732,12465,2.886507034301758
187,4.307635272992803,4.307637746879025,12533,2.9013195037841797
188,4.307635272992803,4.307637581754524,12604,2.9158499240875244
189,4.307635272992803,4.307637576797979,12680,2.9318926334381104
190,4.307635272992803,4.307637707545863,12756,2.9474358558654785
191,4.307635272992803,4.307637433306717,12829,2.962996244430542
192,4.30763516272899,4.307637548970956,12908,2.9782373905181885
193,4.307634606583771,4.307636413513591,12974,2.9942517280578613
194,4.307633825591766,4.307635882479886,13047,3.0091123580932617
195,4.307633778524933,4.307635485546215,13122,3.02473783493042
196,4.3076333909108895,4.307635145323472,13211,3.041489839553833
197,4.307632928979044,4.307634388325845,13261,3.0551137924194336
198,4.307632893521601,4.307633749473323,13318,3.0689237117767334
199,4.307632507924824,4.307633449919437,13364,3.0815017223358154
200,4.30763222360149,4.3076332214787385,13386,3.0939900875091553
201,4.307632163054242,4.307632949582468,13416,3.1063430309295654
202,4.307631962577011,4.307632662719909,13452,3.118476629257202
203,4.307631858181958,4.3076324391656815,13480,3.130750894546509
204,4.307631735674812,4.307632176522871,13530,3.144545555114746
205,4.307631576822559,4.307632049879996,13560,3.155766725540161
206,4.307631410551385,4.307631942574597,13585,3.167667865753174
207,4.307631240443566,4.307631834661947,13603,3.1768410205841064
208,4.307631192669183,4.307631697855852,13625,3.1877243518829346
209,4.307631144797431,4.307631527992075,13656,3.1991965770721436
210,4.307631144797431,4.307631400296358,13696,3.2125775814056396
211,4.307631123654165,4.307631298740779,13733,3.2271251678466797
212,4.307631024907184,4.307631222155197,13774,3.239192485809326
213,4.307630870376307,4.3076311641081855,13822,3.2526073455810547
214,4.307630772134596,4.307631139993439,13830,3.2621943950653076
215,4.307630762913433,4.307631110184857,13838,3.271854877471924
216,4.307630747537372,4.307631056515382,13856,3.281949758529663
217,4.307630669612477,4.3076309616037385,13889,3.2926299571990967
218,4.307630669612477,4.307630846503115,13927,3.3047428131103516
219,4.307630659883609,4.307630773026612,13975,3.3179919719696045
220,4.30763056284366,4.307630756115982,14050,3.333021879196167
221,4.307630561720986,4.307630715148992,14072,3.345482587814331
222,4.307630532861227,4.307630675038933,14109,3.359225273132324
223,4.3076305215542705,4.307630641724183,14133,3.37083101272583
224,4.3076305215542705,4.307630602306784,14167,3.3825714588165283
225,4.307630495510464,4.307630568990853,14212,3.3951570987701416
226,4.3076304595509205,4.307630550203447,14262,3.40873646736145
227,4.307630431698452,4.307630528385709,14302,3.4222679138183594
228,4.3076304269306975,4.307630514385582,14319,3.434192180633545
229,4.3076304269306975,4.307630498087309,14340,3.44421124458313
230,4.307630413921921,4.307630472792027,14370,3.4557149410247803
231,4.307630396994642,4.307630451725559,14420,3.4685733318328857
232,4.3076303874423605,4.307630444066586,14491,3.483086585998535
233,4.307630384236864,4.307630432558457,14550,3.4965643882751465
234,4.307630383147828,4.307630426001677,14618,3.512342691421509
235,4.3076303756272845,4.30763041242942,14662,3.527130365371704
236,4.307630341172719,4.3076304119342606,14745,3.5434324741363525
237,4.3076303399979325,4.307630394322678,14786,3.557344913482666
238,4.307630322828001,4.307630384413789,14810,3.5691449642181396
239,4.307630322828001,4.307630377636904,14825,3.579380750656128
240,4.307630311230306,4.307630367435593,14845,3.589555025100708
241,4.307630301637927,4.307630352464857,14875,3.6016852855682373
242,4.3076302984098795,4.307630337277816,14913,3.6132774353027344
243,4.307630292738148,4.307630323510208,14960,3.630587100982666
244,4.307630259933078,4.307630310493666,15013,3.645080327987671
245,4.30763024109659,4.307630300925254,15057,3.6582398414611816
246,4.307630229206673,4.307630295839496,15064,3.6674082279205322
247,4.307630218374911,4.307630286839295,15077,3.677426338195801
248,4.30763021681967,4.307630271184687,15099,3.688877820968628
249,4.307630216432788,4.307630246292175,15141,3.701388359069824
250,4.307630216389676,4.30763023964241,15222,3.7168006896972656
251,4.307630210310278,4.3076302309858745,15283,3.7312469482421875
252,4.307630210115375,4.307630229386073,15357,3.7472779750823975
253,4.307630202663151,4.307630222840454,15412,3.761181592941284
254,4.307630194472437,4.3076302197039205,15479,3.77508544921875
255,4.307630186911934,4.307630213884111,15519,3.787330150604248
256,4.307630186911934,4.307630208532231,15562,3.8000669479370117
257,4.307630182287802,4.307630203695291,15601,3.811413526535034
258,4.307630182287802,4.307630198682672,15636,3.8238906860351562
259,4.307630182287802,4.307630193907526,15672,3.836761474609375
260,4.3076301790664,4.307630189888103,15711,3.849320888519287
261,4.307630176581185,4.30763019043347,15791,3.8645341396331787
262,4.307630175532802,4.307630185992978,15841,3.8783061504364014
263,4.307630169786507,4.307630185529218,15917,3.8939261436462402
264,4.307630160792504,4.307630181482417,15981,3.9084649085998535
265,4.307630159579956,4.307630176864041,16025,3.9200730323791504
266,4.307630157146967,4.307630173367247,16044,3.9333059787750244
267,4.307630157080931,4.307630170540715,16060,3.9443976879119873
268,4.307630157080931,4.307630166011211,16096,3.9563493728637695
269,4.307630152575817,4.307630162008099,16147,3.969709634780884
270,4.307630147045316,4.307630159971432,16209,3.983088731765747
271,4.307630145878476,4.307630157159212,16247,3.9941463470458984
272,4.307630142980201,4.307630154450009,16271,4.005280256271362
273,4.307630136751544,4.307630151341742,16298,4.016456604003906
274,4.307630132698959,4.307630149463131,16309,4.027489185333252
275,4.307630132678965,4.307630147114655,16325,4.038506507873535
276,4.307630128874705,4.307630143218024,16351,4.050373554229736
277,4.307630128874705,4.307630138991196,16380,4.0629189014434814
278,4.307630127620364,4.3076301350970665,16427,4.076467990875244
279,4.307630123817741,4.307630133074686,16462,4.088221788406372
280,4.307630123074018,4.307630131002577,16488,4.099402904510498
281,4.3076301220293365,4.307630128697487,16528,4.111814260482788
282,4.30763011992431,4.307630127010408,16564,4.1238179206848145
283,4.307630119359976,4.307630125418743,16589,4.133762836456299
284,4.307630117818947,4.307630123719382,16626,4.1476359367370605
285,4.307630116601203,4.307630122164131,16647,4.15965461730957
286,4.307630113741822,4.307630120719152,16686,4.171343803405762
287,4.307630111218316,4.307630119507343,16703,4.181986093521118
288,4.307630108837685,4.307630118154608,16719,4.1920554637908936
289,4.3076301074650445,4.307630116644902,16737,4.2030487060546875
290,4.307630107136351,4.307630114406091,16763,4.213513374328613
291,4.307630104568995,4.307630111702588,16802,4.225697040557861
292,4.307630104568995,4.307630109608464,16833,4.238808870315552
293,4.307630102519798,4.3076301079468715,16882,4.253333330154419
294,4.307630101906246,4.307630107071461,16897,4.263778924942017
295,4.307630101906246,4.307630105942027,16916,4.274315595626831
296,4.307630100401804,4.307630104420099,16955,4.286680459976196
297,4.307630100401804,4.307630103368221,16990,4.299578905105591
298,4.307630098853015,4.307630102732377,17034,4.313422918319702
299,4.307630097669229,4.307630102333673,17046,4.325024366378784
300,4.307630095629769,4.307630101800375,17058,4.335878133773804
301,4.307630094312174,4.307630101029648,17071,4.346200942993164
302,4.307630094261868,4.307630099908489,17089,4.357269287109375
303,4.307630093197669,4.307630098126867,17123,4.369300842285156
304,4.3076300930002125,4.307630096224433,17168,4.382833957672119
305,4.3076300930002125,4.307630095380957,17205,4.394920587539673
306,4.307630092944415,4.307630094656942,17238,4.407723426818848
307,4.307630092944415,4.307630094023751,17284,4.420619010925293
308,4.307630092944415,4.307630094021722,17362,4.437071800231934
309,4.307630091580409,4.307630093670483,17428,4.452822208404541
310,4.307630090217929,4.307630093237594,17476,4.466118812561035
311,4.30763009016577,4.3076300929535325,17483,4.475692987442017
312,4.307630089956031,4.307630092459738,17499,4.48543643951416
313,4.307630088435519,4.3076300916735955,17529,4.497074127197266
314,4.307630088433422,4.307630090696135,17563,4.509129285812378
315,4.307630088228497,4.307630090005286,17617,4.5232093334198
316,4.307630087342444,4.307630089474259,17644,4.5350341796875
317,4.307630086695228,4.307630088979319,17673,4.546201467514038
318,4.307630086603875,4.307630088602024,17694,4.557880401611328
319,4.307630086543985,4.307630088186931,17719,4.568737983703613
320,4.307630086543985,4.307630087744568,17748,4.5804283618927
321,4.307630086136816,4.307630087272954,17781,4.592722654342651
322,4.307630086136816,4.30763008696658,17828,4.6061320304870605
323,4.307630086070231,4.307630086807367,17869,4.618591547012329
324,4.307630085776005,4.307630086669087,17893,4.62943172454834
325,4.307630085776005,4.307630086528364,17909,4.641458511352539
326,4.30763008563136,4.307630086323228,17939,4.654102087020874
327,4.307630085409761,4.307630086064453,17985,4.666552543640137
328,4.307630085251876,4.307630085913206,18035,4.67963981628418
329,4.3076300848564735,4.30763008580343,18082,4.691831111907959
330,4.307630084818034,4.307630085686187,18094,4.702075481414795
331,4.307630084814376,4.307630085550577,18115,4.712209224700928
332,4.307630084807306,4.307630085378559,18141,4.723544597625732
333,4.307630084794695,4.307630085197475,18173,4.733886003494263
334,4.307630084556781,4.3076300850301,18220,4.746736764907837
335,4.30763008434641,4.307630084910835,18262,4.760005235671997
336,4.307630084167449,4.30763008486201,18328,4.774367332458496
337,4.307630084166544,4.307630084737735,18364,4.786450624465942
338,4.307630084128277,4.307630084623923,18399,4.797120094299316
339,4.307630084069755,4.307630084476357,18433,4.809104681015015
340,4.307630083899559,4.307630084348385,18475,4.821520805358887
341,4.307630083899559,4.307630084253437,18503,4.8318915367126465
342,4.30763008383505,4.307630084172219,18549,4.843967914581299
343,4.307630083777906,4.307630084111627,18590,4.855804443359375
344,4.307630083777906,4.307630084043676,18621,4.867462158203125
345,4.307630083754498,4.307630083989933,18662,4.879739999771118
346,4.307630083618673,4.307630083937329,18724,4.8937087059021
347,4.307630083502961,4.307630083915003,18797,4.909263610839844
348,4.307630083502961,4.307630083827383,18830,4.920819282531738
349,4.3076300834244785,4.307630083741087,18875,4.9332804679870605
350,4.307630083332666,4.307630083664347,18927,4.946455717086792
351,4.307630083280548,4.30763008356274,18969,4.959370851516724
352,4.307630083243551,4.307630083504865,19008,4.971424579620361
353,4.307630083157783,4.3076300834367975,19038,4.98323917388916
354,4.307630083087232,4.307630083362614,19069,4.99424147605896
355,4.307630082977394,4.307630083282323,19097,5.005965232849121
356,4.307630082946,4.307630083217758,19120,5.016218900680542
357,4.307630082911707,4.307630083156374,19140,5.027791738510132
358,4.307630082888496,4.307630083073885,19177,5.039318323135376
359,4.307630082885778,4.307630083016077,19231,5.052783250808716
360,4.307630082885778,4.307630082981763,19282,5.065220355987549
361,4.30763008282029,4.307630082989039,19368,5.0835981369018555
362,4.307630082760722,4.307630082956022,19433,5.097242593765259
363,4.307630082727259,4.307630082910447,19473,5.1110756397247314
364,4.307630082711705,4.307630082884922,19489,5.120943546295166
365,4.307630082711705,4.307630082855035,19512,5.1310365200042725
366,4.307630082708692,4.307630082819947,19542,5.142399311065674
367,4.307630082680313,4.307630082777422,19585,5.153905153274536
368,4.30763008263607,4.3076300827569165,19628,5.165900945663452
369,4.307630082628638,4.3076300827326275,19658,5.1789069175720215
370,4.307630082610131,4.307630082713154,19695,5.191855430603027
371,4.307630082605109,4.307630082693987,19758,5.205410718917847
372,4.307630082568128,4.307630082676967,19841,5.22196888923645
373,4.307630082525176,4.307630082635023,19899,5.2361884117126465
374,4.307630082521503,4.30763008261717,19937,5.248112916946411
375,4.307630082486749,4.307630082603004,19982,5.260911703109741
376,4.307630082484529,4.307630082588179,20000,5.271070241928101
377,4.307630082449269,4.307630082571922,20016,5.281841039657593
378,4.307630082449269,4.30763008254991,20037,5.2926459312438965
379,4.307630082418544,4.307630082515983,20080,5.305693626403809
380,4.307630082412917,4.307630082496763,20106,5.316081762313843
381,4.307630082412562,4.3076300824847396,20122,5.327326774597168
382,4.307630082410043,4.307630082468804,20147,5.338239431381226
383,4.307630082399664,4.307630082451017,20189,5.350367307662964
384,4.307630082399664,4.30763008244136,20249,5.363979816436768
385,4.307630082394389,4.307630082438002,20333,5.380211591720581
386,4.307630082374534,4.307630082423768,20393,5.3941240310668945
387,4.307630082371821,4.307630082417993,20458,5.407617092132568
388,4.307630082369353,4.307630082409095,20519,5.421955585479736
389,4.307630082360521,4.307630082399444,20582,5.435999631881714
390,4.307630082352096,4.307630082390185,20652,5.45101261138916
391,4.3076300823472735,4.307630082380303,20716,5.46559739112854
392,4.30763008234193,4.3076300823734615,20783,5.480556488037109
393,4.307630082328362,4.307630082368843,20857,5.495764255523682
394,4.3076300823158675,4.307630082357513,20923,5.5100603103637695
395,4.307630082294289,4.307630082347719,20973,5.522950649261475
396,4.307630082294289,4.307630082339581,20991,5.532891035079956
397,4.307630082284284,4.307630082330879,21016,5.544289827346802
398,4.3076300822765425,4.307630082319538,21039,5.55546236038208
399,4.307630082271192,4.307630082305667,21073,5.566550016403198
400,4.307630082271192,4.307630082295884,21110,5.578352451324463
401,4.30763008226643,4.307630082290145,21147,5.589987277984619
402,4.30763008226643,4.307630082285702,21190,5.602595090866089
403,4.3076300822596165,4.307630082282304,21240,5.615137577056885
404,4.3076300822582585,4.307630082278053,21263,5.626213312149048
405,4.30763008225197,4.307630082274795,21291,5.6395697593688965
406,4.30763008225197,4.307630082271833,21308,5.650437831878662
407,4.307630082251892,4.307630082267973,21334,5.661864995956421
408,4.307630082251892,4.307630082263521,21370,5.673464775085449
409,4.307630082244468,4.307630082259539,21423,5.686157703399658
410,4.307630082242163,4.3076300822589975,21498,5.701602458953857
411,4.307630082240789,4.30763008225402,21565,5.715543985366821
412,4.307630082238183,4.307630082249053,21627,5.730573892593384
413,4.307630082229169,4.30763008224584,21694,5.744980812072754
414,4.307630082229169,4.307630082241561,21743,5.757664442062378
415,4.307630082222867,4.307630082238563,21797,5.7709572315216064
416,4.307630082222149,4.307630082234598,21826,5.782862901687622
417,4.307630082219831,4.307630082230437,21864,5.795017242431641
418,4.3076300822110705,4.307630082226985,21907,5.808577537536621
419,4.307630082206678,4.307630082224515,21929,5.819637060165405
420,4.307630082201537,4.307630082221796,21942,5.830222845077515
421,4.3076300822012845,4.30763008221813,21960,5.840221405029297
422,4.307630082198211,4.307630082212483,21992,5.852062225341797
423,4.3076300821979725,4.307630082207895,22032,5.864125490188599
424,4.3076300821962406,4.307630082205051,22069,5.876619338989258
425,4.30763008219563,4.307630082202656,22109,5.890386581420898
426,4.30763008219327,4.307630082200792,22139,5.902861833572388
427,4.307630082192748,4.3076300821988855,22169,5.913514614105225
428,4.307630082192748,4.307630082197055,22213,5.926915168762207
429,4.307630082191805,4.307630082196211,22263,5.9406139850616455
430,4.307630082189746,4.307630082196538,22345,5.956226110458374
431,4.307630082187584,4.307630082194524,22399,5.969792127609253
432,4.307630082184233,4.307630082193113,22450,5.981767416000366
433,4.307630082184233,4.307630082191641,22474,5.99365234375
434,4.307630082184233,4.3076300821906415,22496,6.00420355796814
435,4.3076300821832225,4.307630082188909,22524,6.015067100524902
436,4.307630082182205,4.307630082187137,22567,6.026744842529297
437,4.307630082181559,4.307630082185633,22614,6.040453910827637
438,4.307630082181476,4.307630082184458,22673,6.054476022720337
439,4.307630082181476,4.307630082184213,22750,6.070270538330078
440,4.3076300821797275,4.307630082183018,22820,6.084566593170166
441,4.307630082179683,4.307630082182606,22899,6.100482940673828
442,4.307630082179516,4.307630082182168,22968,6.115585565567017
443,4.307630082178111,4.3076300821814915,23032,6.130805730819702
444,4.307630082176743,4.307630082180706,23080,6.143217325210571
445,4.3076300821752636,4.307630082180226,23098,6.153190851211548
446,4.3076300821741,4.307630082179691,23112,6.162389516830444
447,4.307630082173245,4.307630082179164,23124,6.172950029373169
448,4.307630082172761,4.307630082178165,23139,6.1840434074401855
449,4.3076300821724125,4.307630082176715,23166,6.196563959121704
450,4.3076300821718085,4.307630082174936,23211,6.20933198928833
451,4.307630082171282,4.307630082173769,23260,6.223086357116699
452,4.307630082171266,4.3076300821731,23306,6.23618745803833
453,4.307630082171079,4.307630082172829,23366,6.249757528305054
454,4.307630082170883,4.307630082172582,23440,6.264469385147095
455,4.307630082169924,4.307630082172125,23501,6.2790703773498535
456,4.307630082169924,4.307630082171609,23555,6.291693449020386
457,4.3076300821699,4.307630082171198,23606,6.3047544956207275
458,4.307630082169163,4.307630082170928,23655,6.319840908050537
459,4.307630082169103,4.307630082170607,23697,6.331918239593506
460,4.307630082169103,4.307630082170308,23745,6.344354867935181
461,4.307630082169074,4.307630082170251,23822,6.360342025756836
462,4.307630082168801,4.307630082169932,23890,6.37435245513916
463,4.3076300821683855,4.307630082169578,23957,6.389707803726196
464,4.307630082167742,4.307630082169225,24014,6.403412103652954
465,4.307630082167106,4.307630082169014,24056,6.415951490402222
466,4.307630082166567,4.307630082168716,24074,6.427043199539185
467,4.307630082166238,4.307630082168441,24090,6.43717360496521
468,4.307630082166238,4.307630082168146,24107,6.449406147003174
469,4.307630082166238,4.307630082167647,24133,6.460179328918457
470,4.307630082166238,4.307630082167122,24183,6.472047567367554
471,4.30763008216619,4.3076300821669635,24251,6.486929178237915
472,4.30763008216605,4.307630082166724,24313,6.5015013217926025
473,4.30763008216605,4.307630082166692,24392,6.515912294387817
474,4.307630082166012,4.307630082166551,24462,6.530323266983032
475,4.307630082165781,4.307630082166588,24549,6.544769048690796
476,4.307630082165518,4.307630082166338,24607,6.5587379932403564
477,4.3076300821653035,4.307630082166211,24664,6.571527481079102
478,4.307630082165008,4.307630082166084,24725,6.585370779037476
479,4.307630082164931,4.307630082165886,24743,6.596139430999756
480,4.307630082164908,4.307630082165706,24776,6.607600450515747
481,4.307630082164908,4.307630082165501,24817,6.618688344955444
482,4.307630082164908,4.307630082165345,24874,6.633178949356079
483,4.307630082164848,4.307630082165356,24963,6.6503965854644775
484,4.307630082164848,4.307630082165266,25037,6.664402008056641
485,4.307630082164848,4.307630082165165,25102,6.677781820297241
486,4.307630082164848,4.307630082165176,25185,6.693803548812866
487,4.307630082164811,4.307630082165148,25258,6.710344076156616
488,4.307630082164811,4.307630082165051,25315,6.7250213623046875
489,4.307630082164809,4.307630082165086,25395,6.74163818359375
490,4.307630082164794,4.307630082165002,25459,6.7555015087127686
491,4.30763008216471,4.3076300821649935,25532,6.772185564041138
492,4.30763008216471,4.307630082164923,25591,6.789363384246826
493,4.307630082164705,4.3076300821649465,25670,6.806779384613037
494,4.307630082164672,4.307630082164887,25732,6.823040723800659
495,4.307630082164627,4.307630082164871,25809,6.840555429458618
496,4.30763008216462,4.307630082164815,25864,6.85427188873291
497,4.30763008216462,4.3076300821648115,25944,6.870521306991577
498,4.3076300821646045,4.307630082164787,26015,6.8854546546936035
499,4.3076300821646045,4.3076300821647715,26096,6.899491548538208
500,4.307630082164602,4.307630082164749,26165,6.914975881576538
501,4.30763008216459,4.30763008216472,26240,6.929253339767456
502,4.307630082164516,4.307630082164696,26317,6.943797826766968
503,4.307630082164511,4.307630082164687,26395,6.958927869796753
504,4.307630082164507,4.307630082164644,26459,6.972134351730347
505,4.3076300821644935,4.307630082164615,26532,6.986857175827026
506,4.307630082164473,4.307630082164638,26623,7.003063440322876
507,4.307630082164419,4.30763008216458,26681,7.01781964302063
508,4.307630082164386,4.3076300821645646,26759,7.0322675704956055
509,4.307630082164386,4.307630082164528,26828,7.045490026473999
510,4.307630082164386,4.307630082164498,26901,7.059532880783081
511,4.307630082164312,4.30763008216447,26971,7.073633193969727
512,4.307630082164287,4.307630082164427,27031,7.087286949157715
513,4.30763008216428,4.307630082164406,27067,7.0993733406066895
514,4.3076300821642555,4.307630082164381,27111,7.112490653991699
515,4.307630082164188,4.3076300821643505,27164,7.125109434127808
516,4.307630082164175,4.307630082164319,27196,7.135711431503296
517,4.307630082164086,4.307630082164283,27231,7.1479651927948
518,4.307630082164057,4.307630082164253,27248,7.159000396728516
519,4.307630082163989,4.307630082164209,27274,7.169873237609863
520,4.307630082163989,4.307630082164158,27302,7.181119441986084
521,4.3076300821639375,4.3076300821640965,27347,7.192542552947998
522,4.307630082163923,4.307630082164058,27378,7.204423189163208
523,4.307630082163923,4.30763008216403,27407,7.216241836547852
524,4.307630082163921,4.307630082163998,27439,7.228600978851318
525,4.30763008216389,4.30763008216397,27473,7.240446090698242
526,4.307630082163888,4.307630082163944,27520,7.251631736755371
527,4.307630082163888,4.307630082163929,27580,7.264638662338257
528,4.307630082163884,4.307630082163926,27656,7.27852725982666
529,4.307630082163862,4.307630082163916,27726,7.293787956237793
530,4.3076300821638585,4.307630082163907,27804,7.309460878372192
531,4.307630082163827,4.307630082163902,27880,7.32413125038147
532,4.307630082163819,4.307630082163882,27932,7.338601589202881
533,4.307630082163819,4.307630082163873,27961,7.350457429885864
534,4.307630082163819,4.307630082163862,27992,7.360555648803711
535,4.307630082163819,4.307630082163848,28047,7.373599052429199
536,4.307630082163798,4.3076300821638425,28111,7.386797904968262
537,4.307630082163798,4.307630082163834,28175,7.40169882774353
538,4.307630082163796,4.3076300821638265,28238,7.416302919387817
539,4.307630082163796,4.307630082163825,28310,7.430542945861816
540,4.307630082163791,4.307630082163825,28393,7.447734355926514
541,4.307630082163784,4.307630082163821,28470,7.462510108947754
542,4.30763008216376,4.307630082163809,28531,7.475814342498779
543,4.307630082163739,4.307630082163798,28578,7.48790431022644
544,4.307630082163725,4.3076300821637865,28606,7.499204397201538
545,4.307630082163725,4.307630082163781,28618,7.509333610534668
546,4.307630082163725,4.307630082163771,28635,7.520415782928467
547,4.307630082163725,4.307630082163758,28668,7.5314178466796875
548,4.30763008216372,4.307630082163746,28714,7.544621706008911
549,4.3076300821637155,4.30763008216374,28776,7.559209585189819
550,4.307630082163695,4.307630082163736,28852,7.57437801361084
551,4.307630082163679,4.307630082163726,28892,7.586968898773193
552,4.307630082163671,4.307630082163722,28902,7.596502780914307
553,4.307630082163663,4.307630082163715,28914,7.606750726699829
554,4.307630082163657,4.307630082163703,28935,7.618197202682495
555,4.307630082163647,4.30763008216369,28964,7.628947734832764
556,4.307630082163645,4.307630082163673,29016,7.641334533691406
557,4.307630082163643,4.307630082163667,29046,7.651851415634155
558,4.307630082163643,4.30763008216366,29075,7.6627137660980225
559,4.307630082163642,4.307630082163655,29115,7.6742284297943115
560,4.307630082163642,4.3076300821636515,29159,7.685747385025024
561,4.307630082163638,4.3076300821636515,29240,7.7040863037109375
562,4.307630082163636,4.307630082163649,29311,7.720647573471069
563,4.307630082163633,4.307630082163645,29377,7.736407041549683
564,4.307630082163632,4.3076300821636435,29438,7.750877380371094
565,4.307630082163632,4.3076300821636435,29523,7.765533685684204
566,4.30763008216363,4.307630082163641,29595,7.7803661823272705
567,4.307630082163629,4.307630082163637,29659,7.794709920883179
568,4.3076300821636275,4.3076300821636355,29725,7.8086793422698975
569,4.307630082163627,4.307630082163635,29801,7.823655843734741
570,4.307630082163626,4.307630082163632,29858,7.837057113647461
571,4.307630082163626,4.307630082163632,29945,7.853434324264526
572,4.307630082163624,4.307630082163631,30024,7.869011640548706
573,4.307630082163624,4.307630082163629,30092,7.884056091308594
574,4.30763008216362,4.307630082163628,30168,7.899223804473877
575,4.30763008216362,4.307630082163627,30228,7.9131433963775635
576,4.30763008216362,4.307630082163626,30304,7.928735971450806
577,4.307630082163617,4.307630082163625,30390,7.944226980209351
578,4.307630082163615,4.307630082163623,30456,7.957399368286133
579,4.307630082163615,4.307630082163622,30526,7.972554683685303
580,4.3076300821636115,4.30763008216362,30595,7.986983776092529
581,4.307630082163609,4.307630082163618,30630,7.999560594558716
582,4.307630082163605,4.307630082163616,30662,8.011834383010864
583,4.307630082163605,4.307630082163615,30677,8.022135496139526
584,4.307630082163604,4.307630082163612,30698,8.03311276435852
585,4.307630082163602,4.30763008216361,30732,8.04483437538147
586,4.307630082163598,4.307630082163606,30778,8.057563066482544
587,4.307630082163596,4.3076300821636035,30807,8.068593263626099
588,4.307630082163596,4.307630082163603,30822,8.079697847366333
589,4.307630082163595,4.307630082163602,30854,8.091381549835205
590,4.307630082163593,4.307630082163601,30888,8.102996587753296
591,4.30763008216359,4.307630082163599,30916,8.114213228225708
592,4.307630082163589,4.307630082163596,30946,8.124897718429565
593,4.307630082163586,4.3076300821635956,30967,8.135801792144775
594,4.307630082163586,4.3076300821635956,30978,8.14592719078064
595,4.307630082163586,4.307630082163594,30996,8.156738996505737
596,4.307630082163583,4.307630082163592,31033,8.170205354690552
597,4.307630082163583,4.3076300821635884,31073,8.185352563858032
598,4.307630082163583,4.307630082163588,31126,8.199294567108154
599,4.307630082163583,4.307630082163587,31181,8.212931394577026
600,4.307630082163583,4.307630082163587,31271,8.232745885848999
601,4.307630082163582,4.307630082163586,31356,8.249126195907593
602,4.307630082163581,4.307630082163585,31430,8.26491379737854
603,4.30763008216358,4.307630082163584,31505,8.279884576797485
604,4.307630082163578,4.307630082163581,31573,8.29396653175354
605,4.307630082163578,4.3076300821635805,31630,8.308129072189331
606,4.307630082163578,4.30763008216358,31680,8.321702003479004
607,4.307630082163578,4.30763008216358,31728,8.335094690322876
608,4.307630082163577,4.307630082163579,31830,8.35597038269043
609,4.307630082163577,4.307630082163578,31886,8.371540784835815
610,4.307630082163576,4.307630082163578,31957,8.385803461074829
611,4.307630082163575,4.307630082163576,32049,8.400489091873169
612,4.307630082163573,4.307630082163576,32099,8.413777828216553
613,4.307630082163573,4.307630082163575,32115,8.423981189727783
614,4.307630082163573,4.307630082163574,32162,8.437014818191528
615,4.307630082163573,4.307630082163573,32226,8.452324390411377
616,4.307630082163573,4.307630082163573,32403,8.475871324539185
617,4.307630082163572,4.307630082163573,32615,8.501777172088623
618,4.307630082163571,4.3076300821635725,32625,8.51174521446228
619,4.307630082163571,4.3076300821635725,32632,8.522019624710083
620,4.30763008216357,4.3076300821635725,32656,8.534239053726196
621,4.30763008216357,4.307630082163572,32696,8.546257019042969
622,4.307630082163568,4.30763008216357,32783,8.562707424163818
623,4.307630082163568,4.30763008216357,32835,8.574928283691406
624,4.307630082163568,4.30763008216357,32861,8.586836099624634
625,4.307630082163566,4.307630082163569,32933,8.600802898406982
626,4.307630082163566,4.307630082163568,33030,8.61965560913086
627,4.307630082163566,4.307630082163567,33072,8.632818222045898
628,4.307630082163566,4.307630082163566,33177,8.651370763778687
629,4.307630082163565,4.307630082163566,33376,8.676310062408447
630,4.307630082163565,4.307630082163566,33379,8.685070753097534
631,4.3076300821635645,4.307630082163566,33388,8.694597244262695
632,4.3076300821635645,4.307630082163566,33407,8.705727815628052
633,4.3076300821635645,4.307630082163566,33438,8.716010808944702
634,4.3076300821635645,4.307630082163566,33510,8.73050332069397
635,4.3076300821635645,4.307630082163565,33544,8.74177861213684
636,4.3076300821635645,4.3076300821635645,33642,8.759644508361816
637,4.3076300821635645,4.3076300821635645,33833,8.784392833709717
638,4.307630082163563,4.3076300821635645,34042,8.808173418045044
639,4.307630082163563,4.3076300821635645,34045,8.817325830459595
640,4.307630082163563,4.3076300821635645,34051,8.827192783355713
641,4.307630082163563,4.3076300821635645,34063,8.837783098220825
642,4.307630082163563,4.3076300821635645,34091,8.850080966949463
643,4.307630082163563,4.3076300821635645,34135,8.863062381744385
644,4.307630082163563,4.307630082163564,34195,8.876718044281006
645,4.307630082163563,4.307630082163564,34285,8.89247989654541
646,4.307630082163563,4.307630082163564,34384,8.909571170806885
647,4.307630082163563,4.307630082163564,34500,8.927710771560669
648,4.307630082163563,4.307630082163564,34675,8.950805902481079
649,4.307630082163563,4.307630082163564,34783,8.967564582824707
650,4.307630082163563,4.307630082163564,34948,8.989351749420166
651,4.307630082163563,4.307630082163564,35168,9.014782667160034
652,4.307630082163563,4.307630082163564,35372,9.040899753570557
653,4.307630082163563,4.307630082163564,35558,9.065334796905518
654,4.307630082163563,4.307630082163564,35726,9.088176250457764
655,4.307630082163563,4.307630082163564,35891,9.110857725143433
656,4.307630082163563,4.307630082163564,36056,9.132804870605469
657,4.307630082163563,4.307630082163564,36180,9.151671409606934
658,4.307630082163563,4.307630082163564,36334,9.174026250839233
659,4.307630082163563,4.307630082163564,36475,9.195935487747192
660,4.307630082163563,4.307630082163564,36589,9.213898181915283
661,4.307630082163563,4.307630082163564,36679,9.230958938598633
662,4.307630082163563,4.307630082163564,36777,9.250094413757324
663,4.307630082163563,4.307630082163564,36898,9.269114255905151
664,4.307630082163563,4.307630082163564,37056,9.290354251861572
665,4.307630082163563,4.307630082163564,37163,9.307863473892212
666,4.307630082163563,4.307630082163564,37257,9.32460331916809
667,4.307630082163563,4.307630082163564,37341,9.341899394989014
668,4.307630082163563,4.307630082163564,37436,9.35856819152832
669,4.307630082163563,4.307630082163564,37519,9.374364852905273
670,4.307630082163563,4.307630082163564,37655,9.394318342208862
671,4.307630082163563,4.307630082163564,37795,9.414008855819702
672,4.307630082163563,4.307630082163564,37975,9.437361001968384
673,4.307630082163563,4.307630082163564,38074,9.456135988235474
674,4.307630082163563,4.307630082163564,38222,9.47719120979309
675,4.307630082163563,4.307630082163564,38386,9.498987436294556
676,4.307630082163563,4.307630082163564,38511,9.51644778251648
677,4.307630082163563,4.307630082163564,38658,9.536990642547607
678,4.307630082163563,4.307630082163564,38763,9.552814245223999
679,4.307630082163563,4.307630082163564,38920,9.574358940124512
680,4.307630082163563,4.307630082163564,39042,9.591515064239502
681,4.307630082163563,4.307630082163564,39160,9.609018802642822
682,4.307630082163563,4.307630082163564,39276,9.62785291671753
683,4.307630082163563,4.307630082163564,39382,9.647043466567993
684,4.307630082163563,4.307630082163564,39473,9.665019273757935
685,4.307630082163563,4.307630082163564,39578,9.683511972427368
686,4.307630082163563,4.307630082163564,39697,9.701409339904785
687,4.307630082163563,4.307630082163564,39846,9.721966981887817
688,4.307630082163563,4.307630082163564,40013,9.743401288986206
689,4.307630082163563,4.307630082163564,40214,9.767551183700562
690,4.307630082163563,4.307630082163564,40437,9.793410778045654
691,4.307630082163563,4.307630082163564,40573,9.813845157623291
692,4.307630082163563,4.307630082163564,40744,9.83721399307251
693,4.307630082163563,4.307630082163564,40952,9.862332344055176
694,4.307630082163562,4.307630082163564,41179,9.889592409133911
695,4.307630082163562,4.307630082163564,41183,9.898781061172485
696,4.307630082163562,4.307630082163564,41191,9.908838033676147
697,4.307630082163562,4.307630082163564,41199,9.918699026107788
698,4.307630082163562,4.307630082163564,41207,9.929008483886719
699,4.307630082163562,4.307630082163564,41213,9.938714742660522
700,4.307630082163562,4.307630082163564,41227,9.948814630508423
701,4.307630082163562,4.307630082163564,41254,9.959649562835693
702,4.307630082163562,4.307630082163564,41297,9.972047805786133
703,4.307630082163562,4.307630082163562,41419,9.99045443534851
704,4.307630082163562,4.307630082163564,41643,10.015626430511475
705,4.307630082163562,4.307630082163564,41693,10.028289079666138
706,4.307630082163562,4.307630082163564,41832,10.04690670967102
707,4.307630082163562,4.307630082163564,41962,10.067806243896484
708,4.307630082163562,4.307630082163564,42045,10.086771249771118
709,4.307630082163562,4.307630082163564,42141,10.103767156600952
710,4.307630082163562,4.307630082163564,42243,10.12158465385437
711,4.307630082163562,4.307630082163564,42360,10.141326904296875
712,4.307630082163562,4.307630082163564,42468,10.159039735794067
713,4.307630082163562,4.307630082163564,42592,10.178350448608398
714,4.307630082163562,4.307630082163562,42669,10.19357419013977
715,4.307630082163562,4.307630082163562,42863,10.218669891357422
716,4.307630082163562,4.307630082163564,43086,10.247575044631958
717,4.307630082163562,4.307630082163564,43136,10.26172423362732
718,4.307630082163562,4.307630082163564,43270,10.281567335128784
719,4.307630082163562,4.307630082163564,43389,10.299556016921997
720,4.307630082163562,4.307630082163564,43471,10.314415216445923
721,4.307630082163562,4.307630082163564,43566,10.330591917037964
722,4.307630082163562,4.307630082163564,43673,10.350006818771362
723,4.307630082163562,4.307630082163564,43784,10.366597175598145
724,4.307630082163562,4.307630082163564,43902,10.385242700576782
725,4.307630082163562,4.307630082163564,43941,10.397772073745728
726,4.307630082163562,4.307630082163562,44037,10.414213180541992
727,4.307630082163562,4.307630082163562,44196,10.434889793395996
728,4.307630082163562,4.307630082163564,44425,10.463540077209473
729,4.307630082163562,4.307630082163564,44467,10.476569890975952
730,4.307630082163562,4.307630082163564,44601,10.499139547348022
731,4.307630082163562,4.307630082163564,44687,10.516321659088135
732,4.307630082163562,4.307630082163564,44772,10.531177043914795
733,4.307630082163562,4.307630082163564,44875,10.546850442886353
734,4.307630082163562,4.307630082163564,44985,10.563459157943726
735,4.307630082163562,4.307630082163564,45090,10.580119609832764
736,4.307630082163562,4.307630082163564,45186,10.598080158233643
737,4.307630082163562,4.307630082163564,45315,10.616106033325195
738,4.307630082163562,4.307630082163564,45355,10.629342555999756
739,4.307630082163562,4.307630082163562,45423,10.643805980682373
740,4.307630082163562,4.307630082163564,45565,10.666614055633545
741,4.307630082163562,4.307630082163564,45609,10.69935154914856
742,4.307630082163562,4.307630082163564,45664,10.730991840362549
743,4.307630082163562,4.307630082163564,45716,10.75827956199646
744,4.307630082163562,4.307630082163564,45799,10.78171181678772
745,4.307630082163562,4.307630082163564,45873,10.798155784606934
746,4.307630082163562,4.307630082163564,45970,10.81592345237732
747,4.307630082163562,4.307630082163564,46025,10.829505920410156
748,4.307630082163562,4.307630082163564,46094,10.844555139541626
749,4.307630082163562,4.307630082163564,46219,10.862497329711914
750,4.307630082163562,4.307630082163562,46294,10.876505851745605
751,4.307630082163562,4.307630082163562,46432,10.89461874961853
752,4.307630082163562,4.307630082163564,46590,10.915767192840576
753,4.307630082163562,4.307630082163564,46636,10.92843246459961
754,4.307630082163562,4.307630082163564,46763,10.946724653244019
755,4.307630082163562,4.307630082163564,46868,10.963975429534912
756,4.307630082163562,4.307630082163564,46950,10.978607177734375
757,4.307630082163562,4.307630082163564,47057,10.994786500930786
758,4.307630082163562,4.307630082163564,47170,11.011495590209961
759,4.307630082163562,4.307630082163564,47268,11.027358531951904
760,4.307630082163562,4.307630082163564,47376,11.048027992248535
761,4.307630082163562,4.307630082163564,47496,11.06516408920288
762,4.307630082163562,4.307630082163564,47536,11.078410863876343
763,4.307630082163562,4.307630082163564,47596,11.094688177108765
764,4.307630082163562,4.307630082163564,47710,11.111000061035156
765,4.307630082163562,4.307630082163564,47755,11.12314486503601
766,4.307630082163562,4.307630082163564,47810,11.135760068893433
767,4.307630082163562,4.307630082163564,47886,11.152165174484253
768,4.307630082163562,4.307630082163564,48045,11.171759366989136
769,4.307630082163562,4.307630082163564,48078,11.182095050811768
770,4.307630082163562,4.307630082163564,48119,11.192606925964355
771,4.307630082163562,4.307630082163564,48173,11.204786777496338
772,4.307630082163562,4.307630082163564,48228,11.216565608978271
773,4.307630082163562,4.307630082163564,48324,11.233243703842163
774,4.307630082163562,4.307630082163562,48405,11.249127626419067
775,4.307630082163562,4.307630082163564,48527,11.26834511756897
776,4.307630082163562,4.307630082163564,48626,11.289358139038086
777,4.307630082163562,4.307630082163562,48720,11.306547164916992
778,4.307630082163562,4.307630082163562,48837,11.32689905166626
779,4.307630082163562,4.307630082163562,48968,11.346609830856323
780,4.307630082163562,4.307630082163562,49088,11.364806652069092
781,4.307630082163562,4.307630082163562,49211,11.384690284729004
782,4.307630082163562,4.307630082163564,49328,11.403299808502197
783,4.307630082163562,4.307630082163562,49441,11.421929121017456
784,4.307630082163562,4.307630082163562,49570,11.442177534103394
785,4.307630082163562,4.307630082163562,49708,11.462547540664673
786,4.307630082163562,4.307630082163562,49859,11.484009265899658
787,4.307630082163562,4.307630082163562,50019,11.504538774490356
788,4.307630082163562,4.307630082163562,50186,11.527581453323364
789,4.307630082163562,4.307630082163562,50381,11.549928903579712
790,4.307630082163562,4.307630082163562,50613,11.576728105545044
791,4.307630082163562,4.307630082163562,50837,11.605014085769653
792,4.307630082163562,4.307630082163562,51068,11.634618759155273
793,4.307630082163562,4.307630082163562,51297,11.659142017364502
794,4.307630082163562,4.307630082163562,51525,11.686459064483643
795,4.307630082163562,4.307630082163562,51753,11.710747241973877
796,4.307630082163562,4.307630082163562,51980,11.737512350082397
797,4.307630082163562,4.307630082163562,52204,11.766453266143799
798,4.307630082163562,4.307630082163562,52433,11.791597127914429
799,4.307630082163562,4.307630082163562,52664,11.82041072845459
800,4.307630082163562,4.307630082163562,52890,11.845544576644897
801,4.307630082163562,4.307630082163562,53114,11.873005151748657
802,4.307630082163562,4.307630082163562,53342,11.899207353591919
803,4.307630082163562,4.307630082163562,53568,11.92772650718689
804,4.307630082163562,4.307630082163562,53801,11.957724809646606
805,4.307630082163562,4.307630082163562,54029,11.984976291656494
806,4.307630082163562,4.307630082163562,54260,12.013036251068115
807,4.307630082163562,4.307630082163562,54486,12.038677453994751
808,4.307630082163562,4.307630082163562,54713,12.06621789932251
809,4.307630082163562,4.307630082163562,54941,12.095591306686401
810,4.307630082163562,4.307630082163562,55169,12.122793912887573
811,4.307630082163562,4.307630082163562,55401,12.147967338562012
812,4.307630082163562,4.307630082163562,55633,12.175964117050171
813,4.307630082163562,4.307630082163562,55862,12.202691793441772
814,4.307630082163562,4.307630082163562,56094,12.233738899230957
815,4.307630082163562,4.307630082163562,56322,12.26249074935913
816,4.307630082163562,4.307630082163564,56546,12.291773080825806
817,4.307630082163562,4.307630082163564,56590,12.304760932922363
818,4.307630082163562,4.307630082163564,56718,12.324230194091797
819,4.307630082163562,4.307630082163564,56830,12.342134237289429
820,4.307630082163562,4.307630082163564,56919,12.358582019805908
821,4.307630082163562,4.307630082163564,57015,12.37579870223999
822,4.307630082163562,4.307630082163564,57124,12.39330005645752
823,4.307630082163562,4.307630082163564,57212,12.409084796905518
824,4.307630082163562,4.307630082163564,57320,12.42629623413086
825,4.307630082163562,4.307630082163564,57419,12.44385576248169
826,4.307630082163562,4.307630082163564,57522,12.460051774978638
827,4.307630082163562,4.307630082163564,57621,12.477131605148315
828,4.307630082163562,4.307630082163564,57705,12.494523525238037
829,4.307630082163562,4.307630082163564,57821,12.51489520072937
830,4.307630082163562,4.307630082163564,57935,12.533590316772461
831,4.307630082163562,4.307630082163564,58034,12.551926612854004
832,4.307630082163562,4.307630082163564,58130,12.566611528396606
833,4.307630082163562,4.307630082163564,58240,12.58431601524353
834,4.307630082163562,4.307630082163564,58348,12.600987195968628
835,4.307630082163562,4.307630082163564,58441,12.615803718566895
836,4.307630082163562,4.307630082163564,58523,12.631166219711304
837,4.307630082163562,4.307630082163564,58635,12.649094343185425
838,4.307630082163562,4.307630082163564,58746,12.667023181915283
839,4.307630082163562,4.307630082163564,58841,12.68418574333191
840,4.307630082163562,4.307630082163564,58953,12.703943967819214
841,4.307630082163562,4.307630082163564,59059,12.721428155899048
842,4.307630082163562,4.307630082163564,59152,12.73861575126648
843,4.307630082163562,4.307630082163564,59252,12.755335807800293
844,4.307630082163562,4.307630082163564,59352,12.772215604782104
845,4.307630082163562,4.307630082163564,59454,12.788278579711914
846,4.307630082163562,4.307630082163564,59566,12.805856943130493
847,4.307630082163562,4.307630082163564,59671,12.8233323097229
848,4.307630082163562,4.307630082163564,59765,12.839799642562866
849,4.307630082163562,4.307630082163564,59876,12.857783555984497
850,4.307630082163562,4.307630082163564,59988,12.875519752502441
851,4.307630082163562,4.307630082163564,60088,12.892087697982788
852,4.307630082163562,4.307630082163564,60195,12.908952236175537
853,4.307630082163562,4.307630082163564,60303,12.928094148635864
854,4.307630082163562,4.307630082163564,60406,12.94492483139038
855,4.307630082163562,4.307630082163564,60512,12.963680267333984
856,4.307630082163562,4.307630082163564,60609,12.981797695159912
857,4.307630082163562,4.307630082163564,60708,12.998614072799683
858,4.307630082163562,4.307630082163564,60818,13.01633620262146
859,4.307630082163562,4.307630082163564,60931,13.033975601196289
860,4.307630082163562,4.307630082163564,61035,13.05081558227539
861,4.307630082163562,4.307630082163564,61153,13.06992793083191
862,4.307630082163562,4.307630082163564,61266,13.088961839675903
863,4.307630082163562,4.307630082163564,61370,13.105550289154053
864,4.307630082163562,4.307630082163564,61478,13.121965408325195
865,4.307630082163562,4.307630082163564,61586,13.137949705123901
866,4.307630082163562,4.307630082163564,61694,13.155590295791626
867,4.307630082163562,4.307630082163564,61797,13.17318844795227
868,4.307630082163562,4.307630082163564,61895,13.19093632698059
869,4.307630082163562,4.307630082163564,62008,13.208675384521484
870,4.307630082163562,4.307630082163564,62130,13.226530075073242
871,4.307630082163562,4.307630082163564,62258,13.247394323348999
872,4.307630082163562,4.307630082163564,62281,13.259581327438354
873,4.307630082163562,4.307630082163564,62307,13.271553993225098
874,4.307630082163562,4.307630082163564,62345,13.283304452896118
875,4.307630082163562,4.307630082163564,62400,13.297489166259766
876,4.307630082163562,4.307630082163564,62457,13.311317443847656
877,4.307630082163562,4.307630082163564,62522,13.32526421546936
878,4.307630082163562,4.307630082163564,62615,13.340455532073975
879,4.307630082163562,4.307630082163564,62687,13.35510778427124
880,4.307630082163562,4.307630082163564,62771,13.370307683944702
881,4.307630082163562,4.307630082163564,62865,13.38641357421875
882,4.307630082163562,4.307630082163564,62937,13.4017014503479
883,4.307630082163562,4.307630082163564,63046,13.418856620788574
884,4.307630082163562,4.307630082163564,63084,13.431042909622192
885,4.307630082163562,4.307630082163564,63137,13.44448971748352
886,4.307630082163562,4.307630082163564,63200,13.457366704940796
887,4.307630082163562,4.307630082163564,63277,13.47145676612854
888,4.307630082163562,4.307630082163564,63437,13.492396831512451
889,4.307630082163562,4.307630082163564,63505,13.5055251121521
890,4.307630082163562,4.307630082163562,63593,13.522088050842285
891,4.307630082163562,4.307630082163564,63699,13.539278030395508
892,4.307630082163562,4.307630082163562,63770,13.55267596244812
893,4.307630082163562,4.307630082163564,63880,13.568756341934204
894,4.307630082163562,4.307630082163562,63970,13.583760261535645
895,4.307630082163562,4.307630082163562,64102,13.603512287139893
896,4.307630082163562,4.307630082163564,64215,13.621603012084961
897,4.307630082163562,4.307630082163562,64295,13.637113571166992
898,4.307630082163562,4.307630082163562,64430,13.659292459487915
899,4.307630082163562,4.307630082163564,64569,13.677955865859985
900,4.307630082163562,4.307630082163562,64671,13.694135904312134
901,4.307630082163562,4.307630082163562,64850,13.71626901626587
902,4.307630082163562,4.307630082163562,64979,13.735459327697754
903,4.307630082163562,4.307630082163562,65109,13.75311541557312
904,4.307630082163562,4.307630082163562,65243,13.771342992782593
905,4.307630082163562,4.307630082163562,65397,13.791010856628418
906,4.307630082163562,4.307630082163562,65535,13.808903932571411
907,4.307630082163562,4.307630082163564,65652,13.82607126235962
908,4.307630082163562,4.307630082163562,65744,13.841867685317993
909,4.307630082163562,4.307630082163562,65869,13.858720541000366
910,4.307630082163562,4.307630082163562,66005,13.877143621444702
911,4.307630082163562,4.307630082163562,66152,13.89697551727295
912,4.307630082163562,4.307630082163562,66352,13.921586036682129
913,4.307630082163562,4.307630082163562,66578,13.952401876449585
914,4.307630082163562,4.307630082163562,66808,13.978329420089722
915,4.307630082163562,4.307630082163562,67037,14.003650665283203
916,4.307630082163562,4.307630082163562,67263,14.029181241989136
917,4.307630082163562,4.307630082163562,67493,14.055317640304565
918,4.307630082163562,4.307630082163562,67713,14.080061435699463
919,4.307630082163562,4.307630082163562,67936,14.107736587524414
920,4.307630082163562,4.307630082163562,68161,14.13326907157898
921,4.307630082163562,4.307630082163562,68388,14.15981912612915
922,4.307630082163562,4.307630082163562,68617,14.185374736785889
923,4.307630082163562,4.307630082163562,68849,14.211427211761475
924,4.307630082163562,4.307630082163562,69076,14.240456342697144
925,4.307630082163562,4.307630082163562,69294,14.26836109161377
926,4.307630082163562,4.307630082163562,69518,14.294109106063843
927,4.307630082163562,4.307630082163562,69743,14.319888830184937
928,4.307630082163562,4.307630082163562,69972,14.345761060714722
929,4.307630082163562,4.307630082163562,70197,14.371445655822754
930,4.307630082163562,4.307630082163562,70420,14.396483421325684
931,4.307630082163562,4.307630082163562,70648,14.423247575759888
932,4.307630082163562,4.307630082163562,70875,14.448732614517212
933,4.307630082163562,4.307630082163562,71102,14.474457025527954
934,4.307630082163562,4.307630082163562,71333,14.498616218566895
935,4.307630082163562,4.307630082163562,71560,14.526698112487793
936,4.307630082163562,4.307630082163562,71788,14.55164647102356
937,4.307630082163562,4.307630082163562,72018,14.576085805892944
938,4.307630082163562,4.307630082163562,72248,14.603398084640503
939,4.307630082163562,4.307630082163562,72472,14.628607273101807
940,4.307630082163562,4.307630082163562,72698,14.653244256973267
941,4.307630082163562,4.307630082163564,72927,14.677509784698486
942,4.307630082163562,4.307630082163564,72974,14.690865993499756
943,4.307630082163562,4.307630082163564,73021,14.7026207447052
944,4.307630082163562,4.307630082163564,73156,14.722495079040527
945,4.307630082163562,4.307630082163564,73265,14.739359617233276
946,4.307630082163562,4.307630082163564,73339,14.75503158569336
947,4.307630082163562,4.307630082163564,73442,14.771775245666504
948,4.307630082163562,4.307630082163564,73526,14.78809380531311
949,4.307630082163562,4.307630082163564,73633,14.805325269699097
950,4.307630082163562,4.307630082163564,73729,14.822755336761475
951,4.307630082163562,4.307630082163564,73818,14.837853908538818
952,4.307630082163562,4.307630082163564,73914,14.853636741638184
953,4.307630082163562,4.307630082163564,74012,14.868993282318115
954,4.307630082163562,4.307630082163564,74114,14.884175539016724
955,4.307630082163562,4.307630082163564,74202,14.89911150932312
956,4.307630082163562,4.307630082163564,74309,14.916361331939697
957,4.307630082163562,4.307630082163564,74411,14.933715343475342
958,4.307630082163562,4.307630082163564,74499,14.9497230052948
959,4.307630082163562,4.307630082163564,74599,14.967776775360107
960,4.307630082163562,4.307630082163564,74702,14.984236001968384
961,4.307630082163562,4.307630082163564,74806,14.99903678894043
962,4.307630082163562,4.307630082163564,74909,15.014975309371948
963,4.307630082163562,4.307630082163564,75002,15.02989649772644
964,4.307630082163562,4.307630082163564,75113,15.047344446182251
965,4.307630082163562,4.307630082163564,75213,15.063439130783081
966,4.307630082163562,4.307630082163564,75318,15.079211473464966
967,4.307630082163562,4.307630082163564,75421,15.095272064208984
968,4.307630082163562,4.307630082163564,75523,15.11117959022522
969,4.307630082163562,4.307630082163564,75615,15.127076864242554
970,4.307630082163562,4.307630082163564,75719,15.142992734909058
971,4.307630082163562,4.307630082163564,75823,15.159132957458496
972,4.307630082163562,4.307630082163564,75930,15.175352096557617
973,4.307630082163562,4.307630082163564,76031,15.190845489501953
974,4.307630082163562,4.307630082163564,76124,15.209074020385742
975,4.307630082163562,4.307630082163564,76232,15.226319313049316
976,4.307630082163562,4.307630082163564,76339,15.245267629623413
977,4.307630082163562,4.307630082163564,76450,15.26415467262268
978,4.307630082163562,4.307630082163564,76558,15.281486988067627
979,4.307630082163562,4.307630082163564,76651,15.296949625015259
980,4.307630082163562,4.307630082163564,76758,15.312506198883057
981,4.307630082163562,4.307630082163564,76858,15.329495668411255
982,4.307630082163562,4.307630082163564,76968,15.345800161361694
983,4.307630082163562,4.307630082163564,77088,15.362462520599365
984,4.307630082163562,4.307630082163564,77200,15.380920886993408
985,4.307630082163562,4.307630082163564,77320,15.40078330039978
986,4.307630082163562,4.307630082163564,77430,15.418298721313477
987,4.307630082163562,4.307630082163564,77546,15.436749696731567
988,4.307630082163562,4.307630082163564,77651,15.453521251678467
989,4.307630082163562,4.307630082163564,77765,15.470334529876709
990,4.307630082163562,4.307630082163564,77865,15.486950397491455
991,4.307630082163562,4.307630082163564,77972,15.504065752029419
992,4.307630082163562,4.307630082163564,78071,15.52265214920044
993,4.307630082163562,4.307630082163564,78196,15.541287899017334
994,4.307630082163562,4.307630082163564,78311,15.558687448501587
995,4.307630082163562,4.307630082163564,78421,15.575366973876953
996,4.307630082163562,4.307630082163564,78526,15.592102766036987
997,4.307630082163562,4.307630082163564,78642,15.60869812965393
998,4.307630082163562,4.307630082163564,78751,15.6252920627594
999,4.307630082163562,4.307630082163564,78871,15.64290738105774
1000,4.307630082163562,4.307630082163564,78991,15.660116910934448
