gen,best_fitness,mean_fitness,evals,time_sec
0,891.8910312710768,1231.2650657563004,135,0.008090019226074219
1,891.8910312710768,1220.5426171587799,270,0.015272378921508789
2,891.8910312710768,1265.3827928290434,405,0.021593570709228516
3,891.8910312710768,1203.2708753757654,540,0.02798628807067871
4,891.8910312710768,1214.7130886737743,675,0.03464961051940918
5,891.8910312710768,1193.7501439009068,810,0.042192935943603516
6,891.8910312710768,1207.6216455313197,945,0.04868268966674805
7,839.5737219514026,1212.4157112641105,1080,0.055698394775390625
8,839.5737219514026,1223.2815108262791,1215,0.06171703338623047
9,839.5737219514026,1229.8849348537763,1350,0.06763267517089844
10,839.5737219514026,1226.9354699620405,1485,0.07419347763061523
11,839.5737219514026,1186.2663294646359,1620,0.08133077621459961
12,839.5737219514026,1194.5288363449524,1755,0.08794307708740234
13,839.5737219514026,1210.6167621977877,1890,0.09371495246887207
14,839.5737219514026,1233.8467157709638,2025,0.09995722770690918
15,839.5737219514026,1199.2924383107893,2160,0.10765290260314941
16,839.5737219514026,1187.8054481332206,2295,0.1136481761932373
17,839.5737219514026,1187.7295942945645,2430,0.12042665481567383
18,839.5737219514026,1223.173211554499,2565,0.12688541412353516
19,839.5737219514026,1168.827695599589,2700,0.13493585586547852
20,839.5737219514026,1206.2380927355734,2835,0.14179062843322754
21,823.058612986175,1200.95867848787,2970,0.14779210090637207
22,823.058612986175,1159.268379988677,3105,0.15401887893676758
23,823.058612986175,1199.174916296187,3240,0.16082167625427246
24,823.058612986175,1192.9254659113856,3375,0.16711139678955078
25,823.058612986175,1198.3479059218946,3510,0.17387652397155762
26,823.058612986175,1170.4513428536745,3645,0.18142318725585938
27,823.058612986175,1180.322623968855,3780,0.18907666206359863
28,823.058612986175,1189.1017948560618,3915,0.19662046432495117
29,823.058612986175,1231.4408718026461,4050,0.2046065330505371
30,823.058612986175,1192.02766967478,4185,0.21176958084106445
31,823.058612986175,1237.2456136648414,4320,0.21866559982299805
32,823.058612986175,1174.7839990630891,4455,0.22520232200622559
33,823.058612986175,1171.5275057702331,4590,0.23174142837524414
34,823.058612986175,1200.0009148349693,4725,0.23818612098693848
35,823.058612986175,1187.741140876118,4860,0.2450087070465088
36,823.058612986175,1220.8491078905697,4995,0.2515745162963867
37,823.058612986175,1180.2741654527226,5130,0.25802111625671387
38,823.058612986175,1188.7677574830634,5265,0.26403212547302246
39,823.058612986175,1208.5514186975083,5400,0.27088069915771484
40,823.058612986175,1187.9834544013563,5535,0.27718663215637207
41,823.058612986175,1164.2290038339534,5670,0.2842881679534912
42,823.058612986175,1222.8312194044847,5805,0.2906494140625
43,823.058612986175,1180.0292010277758,5940,0.29852747917175293
44,823.058612986175,1217.0742268821828,6075,0.30530571937561035
45,823.058612986175,1192.7717101974908,6210,0.3114471435546875
46,823.058612986175,1189.4051417327362,6345,0.317901611328125
47,823.058612986175,1180.3273380600265,6480,0.32381296157836914
48,823.058612986175,1186.4051222267913,6615,0.3297083377838135
49,823.058612986175,1188.2622488251532,6750,0.3369169235229492
50,823.058612986175,1201.2222756851556,6885,0.3437190055847168
51,823.058612986175,1172.326002814047,7020,0.35010218620300293
52,823.058612986175,1184.0381145029407,7155,0.35672640800476074
53,823.058612986175,1176.111700144531,7290,0.362962007522583
54,823.058612986175,1199.7412389196945,7425,0.3698103427886963
55,823.058612986175,1192.5357822532942,7560,0.3770751953125
56,823.058612986175,1204.2976564047349,7695,0.3836791515350342
57,823.058612986175,1189.4410657744577,7830,0.3897089958190918
58,823.058612986175,1173.9426471992424,7965,0.3963799476623535
59,823.058612986175,1210.4998469349287,8100,0.4023559093475342
60,823.058612986175,1183.8745486178516,8235,0.40832090377807617
61,823.058612986175,1209.7684008756798,8370,0.4143245220184326
62,823.058612986175,1211.865623847917,8505,0.42101073265075684
63,823.058612986175,1179.135958833878,8640,0.42753076553344727
64,823.058612986175,1203.313004854186,8775,0.4342679977416992
65,823.058612986175,1165.106602365323,8910,0.4409823417663574
66,774.2337807950297,1197.608575285322,9045,0.44698214530944824
67,774.2337807950297,1196.7087504739652,9180,0.45319509506225586
68,774.2337807950297,1201.7059389530075,9315,0.4596743583679199
69,774.2337807950297,1210.2956727648773,9450,0.4663569927215576
70,774.2337807950297,1190.3427445406535,9585,0.4727194309234619
71,774.2337807950297,1189.4524180959538,9720,0.4790058135986328
72,774.2337807950297,1173.2876505807399,9855,0.4852147102355957
73,774.2337807950297,1214.3591930588957,9990,0.49205565452575684
74,774.2337807950297,1205.1926662326362,10125,0.49878692626953125
75,774.2337807950297,1187.5137249438553,10260,0.5063188076019287
76,774.2337807950297,1190.0141703628117,10395,0.5125577449798584
77,774.2337807950297,1180.4189833382077,10530,0.5195081233978271
78,774.2337807950297,1200.3964975247252,10665,0.5257940292358398
79,774.2337807950297,1195.9002011182106,10800,0.5323760509490967
80,774.2337807950297,1185.1005117652494,10935,0.5395395755767822
81,774.2337807950297,1228.0152769691506,11070,0.545673131942749
82,774.2337807950297,1192.1937097514415,11205,0.552384614944458
83,774.2337807950297,1167.034648619318,11340,0.558807373046875
84,774.2337807950297,1171.0075497308562,11475,0.564629316329956
85,774.2337807950297,1184.3244150568491,11610,0.5713653564453125
86,774.2337807950297,1213.8935473259235,11745,0.5779860019683838
87,774.2337807950297,1198.8910227333522,11880,0.5845596790313721
88,774.2337807950297,1216.1587295748877,12015,0.5904455184936523
89,774.2337807950297,1180.519683980669,12150,0.5965499877929688
90,774.2337807950297,1186.1003893832856,12285,0.6026706695556641
91,774.2337807950297,1203.5823781012036,12420,0.6086912155151367
92,774.2337807950297,1169.8653891009058,12555,0.6148552894592285
93,774.2337807950297,1214.5621026215154,12690,0.6222293376922607
94,774.2337807950297,1163.160413322815,12825,0.6286606788635254
95,774.2337807950297,1141.387231687276,12960,0.6353862285614014
96,774.2337807950297,1161.4900658359218,13095,0.6423830986022949
97,774.2337807950297,1194.4730748258214,13230,0.6496264934539795
98,774.2337807950297,1181.576700880666,13365,0.6569929122924805
99,774.2337807950297,1177.6280192316501,13500,0.663597822189331
100,717.744039732993,1174.5259161073607,13635,0.6698927879333496
101,717.744039732993,1186.0018705049806,13770,0.6760308742523193
102,717.744039732993,1168.2972220861584,13905,0.6819949150085449
103,717.744039732993,1168.2706387949315,14040,0.6882085800170898
104,717.744039732993,1180.637017508405,14175,0.6948323249816895
105,717.744039732993,1154.0079368646916,14310,0.7017366886138916
106,717.744039732993,1194.1295480479205,14445,0.7080321311950684
107,717.744039732993,1191.2302924963558,14580,0.7142369747161865
108,717.744039732993,1198.8371160286156,14715,0.7208302021026611
109,717.744039732993,1178.8683199884938,14850,0.7273616790771484
110,717.744039732993,1169.1720146077996,14985,0.7333676815032959
111,717.744039732993,1160.8888336865703,15120,0.7393271923065186
112,717.744039732993,1167.1763212378926,15255,0.7462506294250488
113,717.744039732993,1179.642419638435,15390,0.7540328502655029
114,717.744039732993,1180.9244705730662,15525,0.7619566917419434
115,717.744039732993,1213.8140052469066,15660,0.7696189880371094
116,717.744039732993,1194.8503051914863,15795,0.7758049964904785
117,717.744039732993,1193.3456010563177,15930,0.7835607528686523
118,717.744039732993,1200.842101880734,16065,0.7909188270568848
119,717.744039732993,1185.000966071252,16200,0.7969245910644531
120,717.744039732993,1237.4551633728274,16335,0.8031866550445557
121,717.744039732993,1168.5925391605933,16470,0.8092851638793945
122,717.744039732993,1209.2785464786816,16605,0.8161933422088623
123,717.744039732993,1203.6023703681435,16740,0.8235025405883789
124,717.744039732993,1213.3707218007482,16875,0.8296985626220703
125,717.744039732993,1183.7893410318725,17010,0.8364896774291992
126,717.744039732993,1170.4749650708961,17145,0.8430144786834717
127,717.744039732993,1201.670556960019,17280,0.849423885345459
128,717.744039732993,1189.5746869237091,17415,0.8556923866271973
129,717.744039732993,1184.0206314289878,17550,0.8625340461730957
130,717.744039732993,1213.5232240597593,17685,0.8687944412231445
131,717.744039732993,1187.977293746482,17820,0.8753917217254639
132,717.744039732993,1182.0270835643746,17955,0.8818275928497314
133,717.744039732993,1183.5784391556792,18090,0.8879072666168213
134,717.744039732993,1188.8172695780963,18225,0.894782304763794
135,717.744039732993,1179.2727525271616,18360,0.9013540744781494
136,717.744039732993,1173.8268786769936,18495,0.9082603454589844
137,717.744039732993,1186.1934620622546,18630,0.9143576622009277
138,717.744039732993,1147.2523230293543,18765,0.9208047389984131
139,717.744039732993,1177.5819104466857,18900,0.9272754192352295
140,717.744039732993,1235.3168512655245,19035,0.934145450592041
141,717.744039732993,1179.0767248969823,19170,0.9404237270355225
142,717.744039732993,1199.0060628478864,19305,0.9462924003601074
143,717.744039732993,1205.6235131501503,19440,0.953639030456543
144,717.744039732993,1166.548062551662,19575,0.9596166610717773
145,717.744039732993,1183.6819073626064,19710,0.9654195308685303
146,717.744039732993,1151.4644331632237,19845,0.9735236167907715
147,717.744039732993,1179.7179381185883,19980,0.9792861938476562
148,717.744039732993,1199.2867240794728,20115,0.9855701923370361
149,717.744039732993,1182.6858850959843,20250,0.9920568466186523
150,717.744039732993,1179.2778238641404,20385,0.9983413219451904
151,717.744039732993,1205.0558228405157,20520,1.0051517486572266
152,717.744039732993,1215.6468033649355,20655,1.0117106437683105
153,717.744039732993,1196.262048832595,20790,1.0193235874176025
154,717.744039732993,1165.9331274670485,20925,1.0269644260406494
155,717.744039732993,1224.9876544758124,21060,1.034189224243164
156,717.744039732993,1190.3230878312634,21195,1.040881872177124
157,717.744039732993,1217.1134322752225,21330,1.0473320484161377
158,717.744039732993,1194.2647180029255,21465,1.05415940284729
159,717.744039732993,1217.0997683011399,21600,1.0609772205352783
160,717.744039732993,1184.2045621635111,21735,1.0669021606445312
161,717.744039732993,1161.4292526225593,21870,1.0733575820922852
162,717.744039732993,1218.6549553475163,22005,1.0800840854644775
163,717.744039732993,1175.0283044266766,22140,1.0868778228759766
164,717.744039732993,1187.4600550339196,22275,1.0937144756317139
165,717.744039732993,1216.3375081487668,22410,1.100447416305542
166,717.744039732993,1194.9624925757867,22545,1.1068871021270752
167,717.744039732993,1176.2556429492906,22680,1.1130311489105225
168,717.744039732993,1163.5198813482782,22815,1.1199884414672852
169,717.744039732993,1177.6996507131016,22950,1.1263976097106934
170,717.744039732993,1171.9158876878655,23085,1.1335086822509766
171,717.744039732993,1210.5605842273383,23220,1.1397781372070312
172,717.744039732993,1183.6245322932975,23355,1.1462135314941406
173,717.744039732993,1179.0208838175718,23490,1.1530866622924805
174,717.744039732993,1167.0222856392718,23625,1.1599514484405518
175,717.744039732993,1204.186122746386,23760,1.1660046577453613
176,717.744039732993,1164.5463778969538,23895,1.1736431121826172
177,717.744039732993,1199.157034236309,24030,1.1804025173187256
178,717.744039732993,1200.64545869786,24165,1.1872498989105225
179,717.744039732993,1238.802002334285,24300,1.1938073635101318
180,717.744039732993,1169.5162018912893,24435,1.200711727142334
181,717.744039732993,1184.1096655348415,24570,1.207592248916626
182,717.744039732993,1187.856474714691,24705,1.21457839012146
183,717.744039732993,1170.4785990768264,24840,1.2219905853271484
184,717.744039732993,1186.6739983458688,24975,1.229006052017212
185,717.744039732993,1198.8135534348137,25110,1.2353343963623047
186,717.744039732993,1167.6077941050623,25245,1.2417552471160889
187,717.744039732993,1169.8601938660474,25380,1.2478764057159424
188,717.744039732993,1200.6764621976306,25515,1.2543067932128906
189,717.744039732993,1203.0390760463276,25650,1.260741949081421
190,717.744039732993,1192.156593211656,25785,1.2672183513641357
191,717.744039732993,1167.754202496902,25920,1.2741076946258545
192,717.744039732993,1227.6531629465073,26055,1.28106689453125
193,717.744039732993,1210.6448543387398,26190,1.2878739833831787
194,717.744039732993,1197.1493852040805,26325,1.295271396636963
195,717.744039732993,1178.6887863459222,26460,1.3019120693206787
196,717.744039732993,1154.3730352588027,26595,1.308840036392212
197,717.744039732993,1187.8983333391009,26730,1.3149607181549072
198,717.744039732993,1217.455663817997,26865,1.3229243755340576
199,717.744039732993,1190.3199939860642,27000,1.3289368152618408
200,717.744039732993,1192.8728586208967,27135,1.3359901905059814
201,717.744039732993,1150.531824422124,27270,1.3425073623657227
202,717.744039732993,1181.8374378750996,27405,1.349527359008789
203,717.744039732993,1219.8105093019499,27540,1.3563358783721924
204,717.744039732993,1175.1570823198613,27675,1.3627474308013916
205,717.744039732993,1150.30071842031,27810,1.3692281246185303
206,717.744039732993,1201.917081989401,27945,1.375258445739746
207,717.744039732993,1218.593115001198,28080,1.3818004131317139
208,717.744039732993,1163.7339540272997,28215,1.3874742984771729
209,717.744039732993,1190.6419882961443,28350,1.3939530849456787
210,717.744039732993,1183.4469557906216,28485,1.4001753330230713
211,717.744039732993,1181.0320403762596,28620,1.4062492847442627
212,717.744039732993,1176.8718366977955,28755,1.4118921756744385
213,717.744039732993,1231.9325989627055,28890,1.4177422523498535
214,717.744039732993,1188.4264394262468,29025,1.4243817329406738
215,717.744039732993,1190.6584441269501,29160,1.4304511547088623
216,717.744039732993,1201.4076322597693,29295,1.4367423057556152
217,717.744039732993,1172.8025783537798,29430,1.4441578388214111
218,717.744039732993,1174.0309549261074,29565,1.4500937461853027
219,717.744039732993,1177.154610146776,29700,1.4580371379852295
220,717.744039732993,1151.0566202143018,29835,1.4636633396148682
221,717.744039732993,1187.9958623017637,29970,1.4696388244628906
222,717.744039732993,1177.58303753161,30105,1.475632905960083
223,717.744039732993,1207.5005285980883,30240,1.4810383319854736
224,717.744039732993,1203.1363291895234,30375,1.4895265102386475
225,717.744039732993,1165.2003263891465,30510,1.4955227375030518
226,717.744039732993,1195.9814353118352,30645,1.5020432472229004
227,717.744039732993,1163.6643753828052,30780,1.50917649269104
228,717.744039732993,1160.9156480503116,30915,1.5154571533203125
229,717.744039732993,1159.5660904331608,31050,1.5239849090576172
230,717.744039732993,1126.6117858797006,31185,1.5298502445220947
231,717.744039732993,1152.333615272496,31320,1.5371391773223877
232,717.744039732993,1180.5987745162472,31455,1.5438542366027832
233,717.744039732993,1194.0533996790114,31590,1.5496001243591309
234,717.744039732993,1163.7400951012137,31725,1.5551049709320068
235,717.744039732993,1189.1714942580609,31860,1.5606489181518555
236,717.744039732993,1137.5883971623775,31995,1.5660204887390137
237,717.744039732993,1161.843834077296,32130,1.5729403495788574
238,717.744039732993,1163.0421597770896,32265,1.579293966293335
239,717.744039732993,1163.8780270758514,32400,1.5863308906555176
240,717.744039732993,1183.7612691772345,32535,1.592560052871704
241,717.744039732993,1147.597447064008,32670,1.5993671417236328
242,717.744039732993,1178.033728117108,32805,1.6063625812530518
243,717.744039732993,1174.0595567438836,32940,1.612292766571045
244,717.744039732993,1169.7632022255032,33075,1.619488000869751
245,717.744039732993,1159.6615019299147,33210,1.6257529258728027
246,717.744039732993,1192.6968866085517,33345,1.631901502609253
247,717.744039732993,1167.2549447735885,33480,1.6392326354980469
248,717.744039732993,1221.5614027258946,33615,1.6486258506774902
249,717.744039732993,1214.3210396115587,33750,1.657273769378662
250,717.744039732993,1189.523719351732,33885,1.6648454666137695
251,717.744039732993,1191.6730035256821,34020,1.6738417148590088
252,717.744039732993,1189.17024477038,34155,1.6796281337738037
253,717.744039732993,1194.1929833788113,34290,1.6866850852966309
254,717.744039732993,1202.4644770095033,34425,1.693828821182251
255,717.744039732993,1194.513000110306,34560,1.700286626815796
256,717.744039732993,1215.8366527621927,34695,1.7063610553741455
257,717.744039732993,1195.1841159966323,34830,1.7131602764129639
258,717.744039732993,1202.506900490516,34965,1.7197985649108887
259,717.744039732993,1173.0185674934664,35100,1.7270052433013916
260,717.744039732993,1185.0404767266984,35235,1.733567237854004
261,717.744039732993,1192.3438549691164,35370,1.7413980960845947
262,717.744039732993,1215.431877122566,35505,1.748152732849121
263,717.744039732993,1188.0501364409647,35640,1.754953145980835
264,717.744039732993,1200.1409682218534,35775,1.7609655857086182
265,717.744039732993,1189.08032113174,35910,1.7669682502746582
266,717.744039732993,1198.0878100398113,36045,1.7735471725463867
267,717.744039732993,1188.0798262311448,36180,1.7798244953155518
268,717.744039732993,1191.547718248077,36315,1.7867119312286377
269,717.744039732993,1155.0197428332197,36450,1.7926385402679443
270,717.744039732993,1193.8958292953273,36585,1.8002305030822754
271,717.744039732993,1172.4449804220208,36720,1.8066012859344482
272,717.744039732993,1193.5153659047214,36855,1.8145020008087158
273,717.744039732993,1209.886869892126,36990,1.820915937423706
274,717.744039732993,1178.380491633427,37125,1.8286123275756836
275,717.744039732993,1144.281399219679,37260,1.834688663482666
276,717.744039732993,1208.1512583458052,37395,1.841257095336914
277,717.744039732993,1195.681250500746,37530,1.8479721546173096
278,717.744039732993,1179.4665076707604,37665,1.8542487621307373
279,717.744039732993,1181.0282846325165,37800,1.8610033988952637
280,717.744039732993,1182.1145837686374,37935,1.8676176071166992
281,717.744039732993,1199.5830801779448,38070,1.8769245147705078
282,717.744039732993,1200.939837451538,38205,1.8830156326293945
283,717.744039732993,1183.2378379654967,38340,1.8896434307098389
284,717.744039732993,1214.5664526735782,38475,1.8964745998382568
285,717.744039732993,1202.6434618259898,38610,1.9024004936218262
286,717.744039732993,1226.644938756076,38745,1.908625602722168
287,717.744039732993,1197.3328426131955,38880,1.9150855541229248
288,717.744039732993,1189.2079045163662,39015,1.9223546981811523
289,717.744039732993,1191.9514341407223,39150,1.9285223484039307
290,717.744039732993,1186.0800035597592,39285,1.9353899955749512
291,717.744039732993,1175.407095720318,39420,1.9429903030395508
292,717.744039732993,1188.3174504487938,39555,1.9504523277282715
293,717.744039732993,1167.304768261555,39690,1.9575927257537842
294,717.744039732993,1173.5591816059246,39825,1.9654011726379395
295,717.744039732993,1203.839141823399,39960,1.9730534553527832
296,717.744039732993,1176.8797262770454,40095,1.980900764465332
297,717.744039732993,1198.4711147181938,40230,1.9880478382110596
298,717.744039732993,1178.6407126230006,40365,1.9949393272399902
299,717.744039732993,1171.7601905507863,40500,2.0024187564849854
300,717.744039732993,1192.758998289886,40635,2.009288787841797
301,717.744039732993,1177.6033333093633,40770,2.0150468349456787
302,717.744039732993,1203.9136208428883,40905,2.021824359893799
303,717.744039732993,1196.3977304035268,41040,2.0282349586486816
304,717.744039732993,1182.8176728274473,41175,2.034886121749878
305,717.744039732993,1189.4531005837837,41310,2.041262626647949
306,717.744039732993,1184.0338042423182,41445,2.0477564334869385
307,717.744039732993,1213.5003744219525,41580,2.0545473098754883
308,717.744039732993,1201.3059913336954,41715,2.0617127418518066
309,717.744039732993,1185.8137373638078,41850,2.0682129859924316
310,717.744039732993,1178.5343072510857,41985,2.0754895210266113
311,717.744039732993,1190.64425606307,42120,2.082542657852173
312,717.744039732993,1193.8539243604903,42255,2.088538408279419
313,717.744039732993,1166.9240586160897,42390,2.094503879547119
314,717.744039732993,1195.87554240239,42525,2.100555419921875
315,717.744039732993,1193.7782809006271,42660,2.107140302658081
316,717.744039732993,1187.137384397894,42795,2.1132614612579346
317,717.744039732993,1173.5057333960494,42930,2.119882822036743
318,717.744039732993,1181.9648115500365,43065,2.12648606300354
319,717.744039732993,1210.851345883277,43200,2.1327154636383057
320,717.744039732993,1166.6717761992445,43335,2.1390483379364014
321,717.744039732993,1193.9231163207953,43470,2.1452834606170654
322,717.744039732993,1171.710716459865,43605,2.1517114639282227
323,717.744039732993,1199.8908912869736,43740,2.1588809490203857
324,717.744039732993,1174.1488824804774,43875,2.165031909942627
325,717.744039732993,1182.1802061313801,44010,2.1712889671325684
326,717.744039732993,1154.7897879027514,44145,2.1781654357910156
327,717.744039732993,1160.8949293012367,44280,2.1866254806518555
328,717.744039732993,1218.7810058617972,44415,2.1946282386779785
329,717.744039732993,1181.946418014489,44550,2.202759027481079
330,717.744039732993,1186.3304748575829,44685,2.2088639736175537
331,717.744039732993,1195.8270560503295,44820,2.2148847579956055
332,717.744039732993,1214.454553275147,44955,2.222125768661499
333,717.744039732993,1167.8636456463614,45090,2.2279977798461914
334,717.744039732993,1183.3144296394275,45225,2.2350950241088867
335,717.744039732993,1198.626661679182,45360,2.241467237472534
336,717.744039732993,1192.5162224763253,45495,2.2484326362609863
337,717.744039732993,1197.4224797484121,45630,2.25539231300354
338,717.744039732993,1195.1194211992383,45765,2.2620599269866943
339,717.744039732993,1189.2207974731214,45900,2.268468141555786
340,717.744039732993,1199.895016211598,46035,2.2744951248168945
341,717.744039732993,1168.6193411916765,46170,2.2814254760742188
342,717.744039732993,1179.0539873951916,46305,2.287428617477417
343,717.744039732993,1215.2746403998458,46440,2.2943694591522217
344,717.744039732993,1167.415393972358,46575,2.300177574157715
345,717.744039732993,1171.6216662079578,46710,2.306947946548462
346,717.744039732993,1182.9312911942154,46845,2.313387870788574
347,717.744039732993,1198.038245065767,46980,2.32057523727417
348,717.744039732993,1191.8044060118705,47115,2.3274757862091064
349,717.744039732993,1168.4821771623704,47250,2.333061933517456
350,717.744039732993,1182.9257167507108,47385,2.3405988216400146
351,717.744039732993,1180.8327443241783,47520,2.3474316596984863
352,717.744039732993,1198.0049022508201,47655,2.353931188583374
353,717.744039732993,1210.0523168336013,47790,2.3595731258392334
354,717.744039732993,1194.1412314035683,47925,2.3658318519592285
355,717.744039732993,1211.0913442420153,48060,2.3721091747283936
356,717.744039732993,1182.1428385869942,48195,2.3802568912506104
357,717.744039732993,1194.5875868369083,48330,2.3885459899902344
358,717.744039732993,1215.4576361517422,48465,2.396130084991455
359,717.744039732993,1173.9778046940494,48600,2.402801275253296
360,717.744039732993,1187.187580130115,48735,2.4096882343292236
361,717.744039732993,1168.0731527135642,48870,2.4161880016326904
362,717.744039732993,1193.6066626587397,49005,2.4229202270507812
363,717.744039732993,1175.81889544011,49140,2.428802490234375
364,717.744039732993,1228.8405557469484,49275,2.4353084564208984
365,717.744039732993,1185.5746009423854,49410,2.4411299228668213
366,717.744039732993,1170.819741758997,49545,2.4481379985809326
367,717.744039732993,1218.573546129645,49680,2.454651355743408
368,717.744039732993,1171.5512905297257,49815,2.461524724960327
369,717.744039732993,1187.7635406236075,49950,2.4676997661590576
370,717.744039732993,1179.0190418834504,50085,2.474055290222168
371,717.744039732993,1216.982579701271,50220,2.4808130264282227
372,717.744039732993,1203.6409707635366,50355,2.4873926639556885
373,717.744039732993,1203.7871118177495,50490,2.493788719177246
374,717.744039732993,1192.9090114202518,50625,2.5003840923309326
375,717.744039732993,1192.145442705921,50760,2.5067975521087646
376,717.744039732993,1172.8301952722484,50895,2.513667106628418
377,717.744039732993,1197.5015989383808,51030,2.519343852996826
378,717.744039732993,1175.808470684842,51165,2.5263702869415283
379,717.744039732993,1203.5598476841922,51300,2.5326998233795166
380,717.744039732993,1164.8002497235054,51435,2.5394766330718994
381,717.744039732993,1166.6148980923224,51570,2.5457937717437744
382,717.744039732993,1169.4105961684797,51705,2.551865339279175
383,717.744039732993,1201.0651459389223,51840,2.5582175254821777
384,717.744039732993,1226.8811850076536,51975,2.565194845199585
385,717.744039732993,1157.142725821471,52110,2.5714879035949707
386,717.744039732993,1190.1204957619198,52245,2.578003406524658
387,717.744039732993,1169.8635460318933,52380,2.5839290618896484
388,717.744039732993,1184.9045390090237,52515,2.590717315673828
389,717.744039732993,1164.1064165962407,52650,2.597148895263672
390,717.744039732993,1205.0666278763122,52785,2.6036128997802734
391,717.744039732993,1183.047493610302,52920,2.6106395721435547
392,717.744039732993,1191.6032418018985,53055,2.6173863410949707
393,717.744039732993,1189.5392490051372,53190,2.6237471103668213
394,717.744039732993,1192.082451490812,53325,2.6296322345733643
395,717.744039732993,1210.6993761499502,53460,2.6366634368896484
396,717.744039732993,1183.0645324751908,53595,2.642587184906006
397,717.744039732993,1223.2652640508145,53730,2.648862600326538
398,717.744039732993,1227.5331248718614,53865,2.6553897857666016
399,717.744039732993,1211.2400407514008,54000,2.663357734680176
400,717.744039732993,1180.5482686824237,54135,2.669961452484131
401,717.744039732993,1204.849881470042,54270,2.6769652366638184
402,717.744039732993,1163.570508208585,54405,2.6839327812194824
403,717.744039732993,1203.9160153972703,54540,2.6903514862060547
404,717.744039732993,1199.6193771613512,54675,2.696589946746826
405,717.744039732993,1235.9060086053564,54810,2.7044591903686523
406,717.744039732993,1185.4100895595896,54945,2.7118570804595947
407,717.744039732993,1174.1122724617808,55080,2.7187161445617676
408,717.744039732993,1205.6321986973803,55215,2.7252538204193115
409,717.744039732993,1168.249748702357,55350,2.7338101863861084
410,717.744039732993,1194.5904250022309,55485,2.7418487071990967
411,717.744039732993,1215.5407159122442,55620,2.7491326332092285
412,717.744039732993,1185.9237893839977,55755,2.757624626159668
413,717.744039732993,1185.6721478411519,55890,2.765070676803589
414,717.744039732993,1166.9543017073117,56025,2.7731876373291016
415,717.744039732993,1207.8771648845977,56160,2.7798984050750732
416,717.744039732993,1206.6000611505647,56295,2.787398099899292
417,717.744039732993,1200.0130932393208,56430,2.7939980030059814
418,717.744039732993,1189.2700367731848,56565,2.8010973930358887
419,717.744039732993,1194.592348176839,56700,2.807915210723877
420,717.744039732993,1201.0679839265279,56835,2.8149988651275635
421,717.744039732993,1177.91002669763,56970,2.821683406829834
422,717.744039732993,1193.5700419281857,57105,2.827324867248535
423,717.744039732993,1180.2651939702457,57240,2.8341987133026123
424,717.744039732993,1193.2444053218605,57375,2.841017246246338
425,717.744039732993,1168.905802199449,57510,2.8474807739257812
426,717.744039732993,1152.442398492362,57645,2.8549132347106934
427,717.744039732993,1177.5170231446514,57780,2.8617660999298096
428,717.744039732993,1166.390010756445,57915,2.8687827587127686
429,717.744039732993,1131.8058471389033,58050,2.8757741451263428
430,717.744039732993,1162.5484270578531,58185,2.881953477859497
431,717.744039732993,1187.210323420245,58320,2.888692855834961
432,717.744039732993,1195.6408539961922,58455,2.895531177520752
433,717.744039732993,1168.8853067487062,58590,2.902184247970581
434,717.744039732993,1165.2725232077187,58725,2.90972638130188
435,717.744039732993,1224.4925644179848,58860,2.9170238971710205
436,717.744039732993,1223.7321782063912,58995,2.9229986667633057
437,717.744039732993,1197.8140974142495,59130,2.930631399154663
438,717.744039732993,1196.5603598361026,59265,2.9374775886535645
439,717.744039732993,1201.1771274560676,59400,2.9442057609558105
440,717.744039732993,1200.5123061380355,59535,2.9515600204467773
441,717.744039732993,1195.2563507546458,59670,2.9581146240234375
442,717.744039732993,1175.1870561929468,59805,2.96523380279541
443,717.744039732993,1190.2193250494931,59940,2.9725747108459473
444,717.744039732993,1191.5949868900743,60075,2.9799435138702393
445,717.744039732993,1198.528692751964,60210,2.9876163005828857
446,717.744039732993,1208.3902240289826,60345,2.9945857524871826
447,717.744039732993,1175.9328419718051,60480,3.002929925918579
448,717.744039732993,1219.6881804391114,60615,3.0095746517181396
449,717.744039732993,1220.0081219164213,60750,3.0165131092071533
450,717.744039732993,1180.7475522304258,60885,3.0243685245513916
451,717.744039732993,1216.0339619450524,61020,3.0311248302459717
452,717.744039732993,1181.9930114173883,61155,3.0382044315338135
453,717.744039732993,1164.0161015876101,61290,3.0449061393737793
454,717.744039732993,1161.7247430968905,61425,3.051635503768921
455,717.744039732993,1198.6226795833338,61560,3.0575103759765625
456,717.744039732993,1176.061526154908,61695,3.063215494155884
457,717.744039732993,1185.923635399778,61830,3.0704050064086914
458,717.744039732993,1173.765910840351,61965,3.0765628814697266
459,717.744039732993,1203.4051966941724,62100,3.0828158855438232
460,717.744039732993,1165.784643561721,62235,3.0898306369781494
461,717.744039732993,1197.3546028457522,62370,3.0959489345550537
462,717.744039732993,1206.8745920216381,62505,3.1024131774902344
463,717.744039732993,1205.2966079275843,62640,3.1091480255126953
464,717.744039732993,1165.3386593435546,62775,3.1153101921081543
465,717.744039732993,1161.2002108148324,62910,3.1223745346069336
466,717.744039732993,1165.584592106554,63045,3.1286256313323975
467,717.744039732993,1210.871651139776,63180,3.135453701019287
468,717.744039732993,1192.1065387802541,63315,3.142503023147583
469,717.744039732993,1175.957616488179,63450,3.1485812664031982
470,717.744039732993,1202.9843649545332,63585,3.155367136001587
471,717.744039732993,1188.6241020791012,63720,3.1629951000213623
472,717.744039732993,1205.770962390289,63855,3.1694884300231934
473,717.744039732993,1191.323440206776,63990,3.1771745681762695
474,717.744039732993,1199.4017369885325,64125,3.1846611499786377
475,717.744039732993,1196.4331633899124,64260,3.193025588989258
476,717.744039732993,1206.0380238071439,64395,3.201599359512329
477,717.744039732993,1163.5886151721954,64530,3.2082338333129883
478,717.744039732993,1202.869398065241,64665,3.2153079509735107
479,717.744039732993,1138.8441278803325,64800,3.222562551498413
480,717.744039732993,1195.4225261722593,64935,3.2295615673065186
481,717.744039732993,1187.6546040041555,65070,3.236751079559326
482,717.744039732993,1173.0417014268862,65205,3.243748426437378
483,717.744039732993,1199.8531880440628,65340,3.2495644092559814
484,717.744039732993,1183.9648814990433,65475,3.2556686401367188
485,717.744039732993,1166.4789464932155,65610,3.2626707553863525
486,717.744039732993,1202.8572162369628,65745,3.2693281173706055
487,717.744039732993,1191.819769837567,65880,3.2752373218536377
488,717.744039732993,1227.2733806385963,66015,3.281625986099243
489,717.744039732993,1166.9231452012834,66150,3.2877001762390137
490,717.744039732993,1217.9383027531023,66285,3.2934415340423584
491,717.744039732993,1192.2014496882127,66420,3.2997381687164307
492,717.744039732993,1208.3377809675692,66555,3.306839942932129
493,717.744039732993,1158.4076669713072,66690,3.3133349418640137
494,713.1261669177256,1192.5382638086235,66825,3.320592164993286
495,713.1261669177256,1185.0362764259914,66960,3.3276312351226807
496,713.1261669177256,1177.0041088650241,67095,3.334684371948242
497,713.1261669177256,1196.5147210892126,67230,3.3410584926605225
498,713.1261669177256,1182.7143797351382,67365,3.346961259841919
499,713.1261669177256,1213.5071001787999,67500,3.3543825149536133
500,713.1261669177256,1160.048772960119,67635,3.3604867458343506
501,713.1261669177256,1136.35527745412,67770,3.3663692474365234
502,713.1261669177256,1190.4112736100678,67905,3.372060537338257
503,713.1261669177256,1189.7693021248135,68040,3.377701997756958
504,713.1261669177256,1175.1135416541981,68175,3.383727788925171
505,713.1261669177256,1207.9154593543,68310,3.3901479244232178
506,713.1261669177256,1165.336353555591,68445,3.4007229804992676
507,713.1261669177256,1175.5985402388612,68580,3.408696174621582
508,713.1261669177256,1183.7379477220602,68715,3.4173662662506104
509,713.1261669177256,1215.0213038368513,68850,3.4236819744110107
510,713.1261669177256,1188.357056401786,68985,3.430720329284668
511,713.1261669177256,1199.1449212256816,69120,3.437340259552002
512,713.1261669177256,1180.0594357734858,69255,3.4441208839416504
513,713.1261669177256,1202.3631760792089,69390,3.451098680496216
514,713.1261669177256,1209.5607482947614,69525,3.458298444747925
515,713.1261669177256,1193.907551643674,69660,3.46518874168396
516,713.1261669177256,1213.7798998136138,69795,3.473317861557007
517,713.1261669177256,1157.0213825896224,69930,3.480225086212158
518,713.1261669177256,1185.1818919352359,70065,3.488006591796875
519,713.1261669177256,1181.005021020432,70200,3.4950711727142334
520,713.1261669177256,1222.84710295286,70335,3.5017783641815186
521,713.1261669177256,1214.1071186018619,70470,3.5078227519989014
522,713.1261669177256,1153.196277548109,70605,3.5144550800323486
523,713.1261669177256,1214.2363540462575,70740,3.52089524269104
524,713.1261669177256,1204.0886475514396,70875,3.5268235206604004
525,713.1261669177256,1186.6216622264685,71010,3.534013509750366
526,713.1261669177256,1202.7414439223874,71145,3.540027379989624
527,713.1261669177256,1196.2812764090738,71280,3.547166585922241
528,713.1261669177256,1202.1593278958471,71415,3.5543649196624756
529,713.1261669177256,1210.9011694043543,71550,3.561040163040161
530,713.1261669177256,1197.3492243475441,71685,3.567601442337036
531,713.1261669177256,1175.1869658224352,71820,3.575439214706421
532,713.1261669177256,1171.7064942304046,71955,3.581603765487671
533,713.1261669177256,1156.7440921687064,72090,3.588103771209717
534,713.1261669177256,1174.4372474593472,72225,3.594989538192749
535,713.1261669177256,1190.473934925867,72360,3.6017637252807617
536,713.1261669177256,1167.4595247961574,72495,3.6084327697753906
537,713.1261669177256,1218.2736109139105,72630,3.615010976791382
538,713.1261669177256,1179.6255166201777,72765,3.6225380897521973
539,713.1261669177256,1221.1556701869144,72900,3.6302082538604736
540,713.1261669177256,1187.4557165503577,73035,3.6368792057037354
541,713.1261669177256,1191.2953987846645,73170,3.643287181854248
542,713.1261669177256,1172.428409462458,73305,3.650101900100708
543,713.1261669177256,1192.653454079142,73440,3.656548261642456
544,713.1261669177256,1180.2584061815692,73575,3.664517641067505
545,713.1261669177256,1196.8131843990282,73710,3.6714956760406494
546,713.1261669177256,1182.6165814974672,73845,3.67893385887146
547,713.1261669177256,1175.4905563708262,73980,3.6854567527770996
548,713.1261669177256,1168.949384596109,74115,3.6928563117980957
549,713.1261669177256,1175.224251987572,74250,3.6997244358062744
550,713.1261669177256,1180.5929522701447,74385,3.707850217819214
551,713.1261669177256,1171.977817500367,74520,3.7139832973480225
552,713.1261669177256,1208.6663293045206,74655,3.71990966796875
553,713.1261669177256,1211.9297074902875,74790,3.727034330368042
554,713.1261669177256,1181.1859178532143,74925,3.7329299449920654
555,713.1261669177256,1201.88516475763,75060,3.7399086952209473
556,713.1261669177256,1169.569703463624,75195,3.745643377304077
557,713.1261669177256,1166.8637958162358,75330,3.7530479431152344
558,713.1261669177256,1177.0580934162235,75465,3.7596943378448486
559,713.1261669177256,1172.5988924930857,75600,3.766375780105591
560,698.5124302805643,1173.181209306117,75735,3.7746291160583496
561,698.5124302805643,1203.5497245940253,75870,3.7815473079681396
562,698.5124302805643,1173.8801574380402,76005,3.788243532180786
563,698.5124302805643,1156.4581694023748,76140,3.794360876083374
564,698.5124302805643,1188.4857850782294,76275,3.800382375717163
565,698.5124302805643,1199.4631380251692,76410,3.8068666458129883
566,698.5124302805643,1214.1538894902512,76545,3.813488483428955
567,698.5124302805643,1196.708190045094,76680,3.8201680183410645
568,698.5124302805643,1196.472196032209,76815,3.8261444568634033
569,698.5124302805643,1188.567730548418,76950,3.8324599266052246
570,698.5124302805643,1208.6670515934798,77085,3.8388540744781494
571,698.5124302805643,1198.1073144622537,77220,3.845700740814209
572,698.5124302805643,1177.3908683944276,77355,3.8515491485595703
573,698.5124302805643,1184.2335364769206,77490,3.858131170272827
574,698.5124302805643,1195.8073107860507,77625,3.864473819732666
575,698.5124302805643,1191.4514468174477,77760,3.871741533279419
576,698.5124302805643,1164.2059315164029,77895,3.8782525062561035
577,698.5124302805643,1174.7482486265828,78030,3.8848280906677246
578,698.5124302805643,1180.8002442515083,78165,3.891718864440918
579,698.5124302805643,1215.938918279615,78300,3.899160385131836
580,698.5124302805643,1193.6265690820192,78435,3.9068374633789062
581,698.5124302805643,1183.1063210540283,78570,3.914825677871704
582,698.5124302805643,1202.9633012758013,78705,3.9227497577667236
583,698.5124302805643,1207.0433821718175,78840,3.9304072856903076
584,698.5124302805643,1184.8380766588466,78975,3.9375898838043213
585,698.5124302805643,1185.0076203522588,79110,3.9456703662872314
586,698.5124302805643,1174.679170175329,79245,3.9528918266296387
587,698.5124302805643,1183.628510321421,79380,3.960021495819092
588,698.5124302805643,1200.8511011008682,79515,3.968351364135742
589,698.5124302805643,1184.277948880258,79650,3.9758429527282715
590,698.5124302805643,1204.8375353784327,79785,3.9830946922302246
591,698.5124302805643,1191.727213514929,79920,3.989588737487793
592,698.5124302805643,1179.6947211996346,80055,3.996206760406494
593,698.5124302805643,1184.380898330784,80190,4.003794431686401
594,698.5124302805643,1207.3519728020722,80325,4.0109546184539795
595,698.5124302805643,1191.0499571293237,80460,4.017307281494141
596,698.5124302805643,1195.7795001982388,80595,4.024768352508545
597,698.5124302805643,1205.447318029214,80730,4.032904624938965
598,698.5124302805643,1203.6083579764709,80865,4.041065454483032
599,698.5124302805643,1187.7708034254238,81000,4.0478010177612305
600,698.5124302805643,1234.1157798527433,81135,4.055594444274902
601,698.5124302805643,1191.443226649585,81270,4.063127756118774
602,698.5124302805643,1153.700028932805,81405,4.071080684661865
603,698.5124302805643,1189.0403527133712,81540,4.077745199203491
604,698.5124302805643,1175.400716639291,81675,4.084900856018066
605,698.5124302805643,1157.0363916219721,81810,4.092231512069702
606,698.5124302805643,1175.7884103292745,81945,4.098863840103149
607,698.5124302805643,1218.4826601500415,82080,4.107970952987671
608,698.5124302805643,1174.6361913494354,82215,4.114560842514038
609,698.5124302805643,1208.398615224109,82350,4.122770309448242
610,698.5124302805643,1180.5921956898142,82485,4.129668951034546
611,698.5124302805643,1170.634835977322,82620,4.1359076499938965
612,698.5124302805643,1187.5455968475728,82755,4.1423351764678955
613,698.5124302805643,1176.7659521876205,82890,4.1485371589660645
614,698.5124302805643,1177.825072650952,83025,4.1567583084106445
615,698.5124302805643,1186.9646555058814,83160,4.164501905441284
616,698.5124302805643,1154.87786154606,83295,4.172213315963745
617,698.5124302805643,1209.302635859274,83430,4.180892467498779
618,698.5124302805643,1189.690370339657,83565,4.1896326541900635
619,698.5124302805643,1177.8126725968095,83700,4.198384761810303
620,698.5124302805643,1168.1917733372,83835,4.207167148590088
621,698.5124302805643,1197.8348436433255,83970,4.215440273284912
622,698.5124302805643,1156.300239041221,84105,4.222756862640381
623,698.5124302805643,1177.6284093620402,84240,4.230719804763794
624,698.5124302805643,1184.6078637631517,84375,4.237922430038452
625,698.5124302805643,1160.5223184298568,84510,4.2438318729400635
626,698.5124302805643,1186.5577189782805,84645,4.250505208969116
627,698.5124302805643,1172.6767345013293,84780,4.25762677192688
628,698.5124302805643,1163.0663636928293,84915,4.265817165374756
629,698.5124302805643,1170.9893639974239,85050,4.272595405578613
630,698.5124302805643,1207.646777909466,85185,4.2795538902282715
631,698.5124302805643,1187.5529745847002,85320,4.287049293518066
632,698.5124302805643,1171.2660753708037,85455,4.294617414474487
633,698.5124302805643,1206.0249107049349,85590,4.301349878311157
634,698.5124302805643,1181.6774877305825,85725,4.3079094886779785
635,698.5124302805643,1183.5561085673958,85860,4.314640522003174
636,698.5124302805643,1191.217855003683,85995,4.3213725090026855
637,698.5124302805643,1216.0793837493743,86130,4.328193426132202
638,698.5124302805643,1175.2609541858312,86265,4.3355677127838135
639,698.5124302805643,1178.9242685500744,86400,4.342873573303223
640,698.5124302805643,1195.479668755321,86535,4.350534439086914
641,698.5124302805643,1187.4829407341067,86670,4.358155965805054
642,698.5124302805643,1196.999569014842,86805,4.366039514541626
643,698.5124302805643,1173.5535347335701,86940,4.373104572296143
644,698.5124302805643,1183.0179222993795,87075,4.379981517791748
645,698.5124302805643,1179.7515667815983,87210,4.387629747390747
646,698.5124302805643,1184.6593275092055,87345,4.394968748092651
647,698.5124302805643,1221.723568660753,87480,4.403222322463989
648,698.5124302805643,1176.4945048969614,87615,4.411427021026611
649,698.5124302805643,1222.8762235685087,87750,4.41847562789917
650,698.5124302805643,1206.500724371223,87885,4.425840139389038
651,698.5124302805643,1196.724368419495,88020,4.434169769287109
652,698.5124302805643,1191.606087870684,88155,4.440225839614868
653,698.5124302805643,1159.1879370447432,88290,4.4462480545043945
654,698.5124302805643,1176.4139020727669,88425,4.453559875488281
655,698.5124302805643,1145.3801960159933,88560,4.46005392074585
656,698.5124302805643,1172.1793952042804,88695,4.467304229736328
657,698.5124302805643,1166.6146667343824,88830,4.474015235900879
658,698.5124302805643,1168.4575648224518,88965,4.480423212051392
659,698.5124302805643,1148.8510113759,89100,4.487605810165405
660,698.5124302805643,1196.347620615608,89235,4.494920253753662
661,698.5124302805643,1161.109690814913,89370,4.5013017654418945
662,698.5124302805643,1203.551457623944,89505,4.507981777191162
663,698.5124302805643,1182.9411277630231,89640,4.515364170074463
664,698.5124302805643,1203.4725700325798,89775,4.523409128189087
665,698.5124302805643,1213.9049232379155,89910,4.530576229095459
666,698.5124302805643,1214.0387800233782,90045,4.536854982376099
667,698.5124302805643,1187.553510032469,90180,4.5428786277771
668,698.5124302805643,1189.1335735139548,90315,4.549434423446655
669,698.5124302805643,1210.3380251413582,90450,4.556321859359741
670,698.5124302805643,1163.3270647805903,90585,4.563152551651001
671,698.5124302805643,1173.9076286635793,90720,4.569553852081299
672,698.5124302805643,1188.7447853365038,90855,4.575580835342407
673,698.5124302805643,1205.6834946737542,90990,4.581604957580566
674,698.5124302805643,1207.0552909478295,91125,4.587941646575928
675,698.5124302805643,1196.4605257993726,91260,4.594203472137451
676,698.5124302805643,1219.796673013324,91395,4.600420236587524
677,698.5124302805643,1196.3540303337898,91530,4.60712742805481
678,698.5124302805643,1205.2706452623809,91665,4.613969087600708
679,698.5124302805643,1177.6328742089293,91800,4.620502948760986
680,698.5124302805643,1166.1091296235359,91935,4.627465009689331
681,698.5124302805643,1188.3501322859347,92070,4.633745908737183
682,698.5124302805643,1183.8344958072707,92205,4.6408562660217285
683,698.5124302805643,1163.1023260306865,92340,4.648404836654663
684,698.5124302805643,1167.63294696226,92475,4.655399799346924
685,698.5124302805643,1197.6350081833302,92610,4.663923501968384
686,698.5124302805643,1184.3095965560965,92745,4.670768976211548
687,698.5124302805643,1175.2480628968697,92880,4.677603006362915
688,698.5124302805643,1176.7778924463003,93015,4.685123443603516
689,698.5124302805643,1211.4553581171087,93150,4.690997838973999
690,698.5124302805643,1185.3905871215457,93285,4.697130441665649
691,698.5124302805643,1146.5863039448152,93420,4.704352855682373
692,698.5124302805643,1159.4281908917144,93555,4.711585521697998
693,698.5124302805643,1204.9071164796437,93690,4.71734619140625
694,698.5124302805643,1180.2328893693777,93825,4.723534822463989
695,698.5124302805643,1186.2112035591597,93960,4.729621410369873
696,698.5124302805643,1155.4475697053049,94095,4.737208127975464
697,698.5124302805643,1158.9135154032606,94230,4.743762731552124
698,698.5124302805643,1202.2162594731644,94365,4.750436782836914
699,698.5124302805643,1197.1798127005707,94500,4.757153034210205
700,698.5124302805643,1177.0976517944614,94635,4.76301121711731
701,698.5124302805643,1188.4628577221324,94770,4.769093036651611
702,698.5124302805643,1190.230836409702,94905,4.775942087173462
703,698.5124302805643,1199.933325304201,95040,4.7822558879852295
704,698.5124302805643,1209.9320770259405,95175,4.789332628250122
705,698.5124302805643,1172.4737140783254,95310,4.796028137207031
706,698.5124302805643,1186.0375005603028,95445,4.803095102310181
707,698.5124302805643,1182.773612627901,95580,4.809909105300903
708,698.5124302805643,1129.7848652680036,95715,4.8167338371276855
709,698.5124302805643,1178.392657308422,95850,4.8237199783325195
710,698.5124302805643,1191.3561016112226,95985,4.830091714859009
711,698.5124302805643,1143.336420401651,96120,4.8366475105285645
712,698.5124302805643,1140.6036212143708,96255,4.84278678894043
713,698.5124302805643,1201.0640088899754,96390,4.848871469497681
714,698.5124302805643,1185.7784887072053,96525,4.8557658195495605
715,698.5124302805643,1229.1038916469909,96660,4.862034797668457
716,698.5124302805643,1161.344044617616,96795,4.868400573730469
717,698.5124302805643,1171.295668424317,96930,4.874372243881226
718,698.5124302805643,1209.5605731527141,97065,4.880838632583618
719,698.5124302805643,1210.8840941181886,97200,4.887515544891357
720,698.5124302805643,1156.098420502247,97335,4.893756628036499
721,698.5124302805643,1197.8491552680432,97470,4.900284051895142
722,698.5124302805643,1180.2076327213622,97605,4.907199144363403
723,698.5124302805643,1165.322981061948,97740,4.913773536682129
724,698.5124302805643,1171.413938212568,97875,4.921018362045288
725,698.5124302805643,1211.32493335735,98010,4.927166223526001
726,698.5124302805643,1174.2765202118178,98145,4.934082746505737
727,698.5124302805643,1207.0364090190121,98280,4.941150188446045
728,698.5124302805643,1193.1667075428766,98415,4.947775840759277
729,698.5124302805643,1179.7638292532633,98550,4.954441070556641
730,698.5124302805643,1167.7635831572652,98685,4.9607226848602295
731,698.5124302805643,1177.3465154528888,98820,4.967889070510864
732,698.5124302805643,1175.8816038960615,98955,4.975028991699219
733,698.5124302805643,1172.9761218254982,99090,4.981342077255249
734,698.5124302805643,1192.9687416747806,99225,4.989228010177612
735,698.5124302805643,1160.2265038823675,99360,4.995223522186279
736,698.5124302805643,1162.7203562472018,99495,5.001922369003296
737,698.5124302805643,1167.6230050336997,99630,5.0083231925964355
738,698.5124302805643,1173.5023039405721,99765,5.0149266719818115
739,698.5124302805643,1170.261832005914,99900,5.022504091262817
740,698.5124302805643,1196.2814084848494,100035,5.028742074966431
741,698.5124302805643,1178.0706405395092,100170,5.035311222076416
742,626.1642246729415,1215.804913848508,100305,5.04191255569458
743,626.1642246729415,1185.2146920523123,100440,5.04773736000061
744,626.1642246729415,1171.6628654668677,100575,5.054744005203247
745,626.1642246729415,1193.6117913498936,100710,5.061088562011719
746,626.1642246729415,1201.1058059087811,100845,5.066845417022705
747,626.1642246729415,1192.85108296841,100980,5.073833703994751
748,626.1642246729415,1191.0281257230774,101115,5.079576730728149
749,626.1642246729415,1169.7347261695518,101250,5.086913585662842
750,626.1642246729415,1186.0037846469388,101385,5.09404730796814
751,626.1642246729415,1201.388058006728,101520,5.100772142410278
752,626.1642246729415,1168.468424316502,101655,5.107077598571777
753,626.1642246729415,1197.257636715201,101790,5.114190578460693
754,626.1642246729415,1170.0922146052258,101925,5.121761083602905
755,626.1642246729415,1172.1604467651864,102060,5.128349542617798
756,626.1642246729415,1163.7181446964125,102195,5.135088682174683
757,626.1642246729415,1154.9333907867954,102330,5.1414635181427
758,626.1642246729415,1176.688640340294,102465,5.147289276123047
759,626.1642246729415,1192.0511593929916,102600,5.153648853302002
760,626.1642246729415,1206.9804191456271,102735,5.159646272659302
761,626.1642246729415,1186.5726565820912,102870,5.165728569030762
762,626.1642246729415,1188.0718026068175,103005,5.17210841178894
763,626.1642246729415,1194.6440679569307,103140,5.1796839237213135
764,626.1642246729415,1204.072367272898,103275,5.18785834312439
765,626.1642246729415,1190.9638300427428,103410,5.195614576339722
766,626.1642246729415,1216.667405362459,103545,5.2023444175720215
767,626.1642246729415,1194.2500470247535,103680,5.209685325622559
768,626.1642246729415,1192.7932492684947,103815,5.215582609176636
769,626.1642246729415,1209.9309468912984,103950,5.22360634803772
770,626.1642246729415,1192.1222776260236,104085,5.2298219203948975
771,626.1642246729415,1166.7110740230548,104220,5.23586893081665
772,626.1642246729415,1174.1268452616775,104355,5.241765737533569
773,626.1642246729415,1188.3280902073182,104490,5.247679948806763
774,626.1642246729415,1166.7739317969592,104625,5.253564119338989
775,626.1642246729415,1161.8069112995063,104760,5.259607553482056
776,626.1642246729415,1217.1380915953482,104895,5.265834808349609
777,626.1642246729415,1177.3489308561486,105030,5.27131986618042
778,626.1642246729415,1185.0036164090684,105165,5.2770445346832275
779,626.1642246729415,1223.071776353943,105300,5.282512903213501
780,626.1642246729415,1193.0055144830744,105435,5.288125514984131
781,626.1642246729415,1219.96887008498,105570,5.294217348098755
782,626.1642246729415,1223.5600239494129,105705,5.300243616104126
783,626.1642246729415,1221.3595347380096,105840,5.30729603767395
784,626.1642246729415,1190.8801995087704,105975,5.313416004180908
785,626.1642246729415,1178.52204596709,106110,5.319518089294434
786,626.1642246729415,1194.6389107072478,106245,5.325788736343384
787,626.1642246729415,1165.1163840738152,106380,5.332535743713379
788,626.1642246729415,1181.9686219541359,106515,5.337945222854614
789,626.1642246729415,1177.1993006946361,106650,5.343887090682983
790,626.1642246729415,1173.1793948850268,106785,5.349636554718018
791,626.1642246729415,1180.6694793174076,106920,5.355340480804443
792,626.1642246729415,1169.4555042390225,107055,5.361611843109131
793,626.1642246729415,1170.8812374742847,107190,5.369997501373291
794,626.1642246729415,1191.2928410262334,107325,5.375431776046753
795,626.1642246729415,1182.0542297169477,107460,5.381258249282837
796,626.1642246729415,1176.414085072444,107595,5.386861801147461
797,626.1642246729415,1184.2486355675924,107730,5.39251708984375
798,626.1642246729415,1165.9794945609328,107865,5.398480653762817
799,626.1642246729415,1192.6906341110991,108000,5.404606342315674
800,626.1642246729415,1196.8568190810836,108135,5.410738229751587
801,626.1642246729415,1198.8760107384353,108270,5.416790723800659
802,626.1642246729415,1197.1490965857906,108405,5.423941612243652
803,626.1642246729415,1202.8917437263767,108540,5.429670095443726
804,626.1642246729415,1171.6303497152321,108675,5.435879945755005
805,626.1642246729415,1190.060259139729,108810,5.441995859146118
806,626.1642246729415,1193.526265644655,108945,5.447968244552612
807,626.1642246729415,1160.282396890311,109080,5.45402193069458
808,626.1642246729415,1150.0709915232014,109215,5.4606592655181885
809,626.1642246729415,1174.8277027756526,109350,5.466701507568359
810,626.1642246729415,1179.4402802782467,109485,5.474127292633057
811,626.1642246729415,1176.3019978535729,109620,5.4803690910339355
812,626.1642246729415,1176.4436849205101,109755,5.486888647079468
813,626.1642246729415,1169.8205370852086,109890,5.494818925857544
814,626.1642246729415,1190.1254872449977,110025,5.50368857383728
815,626.1642246729415,1160.243680612558,110160,5.511022567749023
816,626.1642246729415,1175.7579460601542,110295,5.5178844928741455
817,626.1642246729415,1185.6919036179372,110430,5.525566339492798
818,626.1642246729415,1187.7614154396113,110565,5.532309293746948
819,626.1642246729415,1159.333814512469,110700,5.539768934249878
820,626.1642246729415,1178.3771453406866,110835,5.546541452407837
821,626.1642246729415,1183.56929817371,110970,5.553421258926392
822,626.1642246729415,1177.1215337665892,111105,5.5595703125
823,626.1642246729415,1176.2278231965197,111240,5.565701484680176
824,626.1642246729415,1188.131124817932,111375,5.572287559509277
825,626.1642246729415,1182.2748339799377,111510,5.578571319580078
826,626.1642246729415,1228.2003654450928,111645,5.585552453994751
827,626.1642246729415,1219.3956920874407,111780,5.592516899108887
828,626.1642246729415,1219.1108023793465,111915,5.598702430725098
829,626.1642246729415,1197.2033596945892,112050,5.606089353561401
830,626.1642246729415,1204.1310337618831,112185,5.612791538238525
831,626.1642246729415,1190.4088677834065,112320,5.620652437210083
832,626.1642246729415,1210.0383776723977,112455,5.627076864242554
833,626.1642246729415,1239.6834161315448,112590,5.633341312408447
834,626.1642246729415,1202.9598719549967,112725,5.641547203063965
835,626.1642246729415,1180.0911409021207,112860,5.648708343505859
836,626.1642246729415,1172.750617293748,112995,5.65607213973999
837,626.1642246729415,1194.8419095964252,113130,5.6633875370025635
838,626.1642246729415,1200.043262625259,113265,5.669954538345337
839,626.1642246729415,1165.596100683149,113400,5.677049398422241
840,626.1642246729415,1178.4732570744313,113535,5.683839559555054
841,626.1642246729415,1209.5398804965455,113670,5.6910552978515625
842,626.1642246729415,1205.8856294517657,113805,5.697859764099121
843,626.1642246729415,1192.7869598773405,113940,5.704444885253906
844,626.1642246729415,1174.646606917386,114075,5.711381196975708
845,626.1642246729415,1188.8569938926528,114210,5.718522310256958
846,626.1642246729415,1198.6803334585384,114345,5.724535942077637
847,626.1642246729415,1171.6477449637748,114480,5.73084282875061
848,626.1642246729415,1160.88056693745,114615,5.737225532531738
849,626.1642246729415,1192.2116360356088,114750,5.742876052856445
850,626.1642246729415,1219.5905244370958,114885,5.75012469291687
851,626.1642246729415,1181.4818472438026,115020,5.75725531578064
852,626.1642246729415,1199.4314728087993,115155,5.763207912445068
853,626.1642246729415,1185.3328270089507,115290,5.770449638366699
854,626.1642246729415,1213.5140586787825,115425,5.776397466659546
855,626.1642246729415,1164.0923931954715,115560,5.784335374832153
856,626.1642246729415,1185.7468425382126,115695,5.790208101272583
857,626.1642246729415,1165.3547860476056,115830,5.7964653968811035
858,626.1642246729415,1217.6604741876858,115965,5.803183317184448
859,626.1642246729415,1210.9439136459082,116100,5.809897422790527
860,626.1642246729415,1187.079154715363,116235,5.817129135131836
861,626.1642246729415,1207.6333575358121,116370,5.824183940887451
862,626.1642246729415,1181.7129781942126,116505,5.830703973770142
863,626.1642246729415,1151.5355746505395,116640,5.836698770523071
864,626.1642246729415,1179.743197871902,116775,5.842726230621338
865,626.1642246729415,1193.2135888530388,116910,5.848786354064941
866,626.1642246729415,1201.49874564089,117045,5.855580806732178
867,626.1642246729415,1188.427127373246,117180,5.862041473388672
868,626.1642246729415,1203.4035973465034,117315,5.868756532669067
869,626.1642246729415,1215.831794167376,117450,5.875897645950317
870,626.1642246729415,1222.170225556483,117585,5.883646011352539
871,626.1642246729415,1180.1230167392055,117720,5.890169858932495
872,626.1642246729415,1206.0079742139706,117855,5.896377086639404
873,626.1642246729415,1195.994175290897,117990,5.902501583099365
874,626.1642246729415,1161.1256157407445,118125,5.909423351287842
875,626.1642246729415,1214.2793678121948,118260,5.915637254714966
876,626.1642246729415,1194.2741656503015,118395,5.923463582992554
877,626.1642246729415,1214.728275618542,118530,5.929769515991211
878,626.1642246729415,1207.517929448977,118665,5.937183141708374
879,626.1642246729415,1169.6041166185844,118800,5.943726539611816
880,626.1642246729415,1184.4767266232188,118935,5.950149059295654
881,626.1642246729415,1185.530787090419,119070,5.956851959228516
882,626.1642246729415,1177.134672276877,119205,5.964461803436279
883,626.1642246729415,1196.234682355943,119340,5.971235275268555
884,626.1642246729415,1193.948252370505,119475,5.978092908859253
885,626.1642246729415,1210.629669039174,119610,5.985538959503174
886,626.1642246729415,1192.4642941079958,119745,5.992832899093628
887,626.1642246729415,1219.4356777446296,119880,5.998987436294556
888,626.1642246729415,1177.7224325308816,120015,6.00556755065918
889,626.1642246729415,1161.943214594268,120150,6.011486291885376
890,626.1642246729415,1186.7370845312068,120285,6.018549203872681
891,626.1642246729415,1191.0634489654578,120420,6.0255937576293945
892,626.1642246729415,1196.9562374515322,120555,6.033505916595459
893,626.1642246729415,1201.114824069958,120690,6.038968324661255
894,626.1642246729415,1187.94877139303,120825,6.045457124710083
895,626.1642246729415,1152.8382071838012,120960,6.0515875816345215
896,626.1642246729415,1196.3150283241043,121095,6.05832314491272
897,626.1642246729415,1202.43334648937,121230,6.0646162033081055
898,626.1642246729415,1179.2520253536495,121365,6.071527481079102
899,626.1642246729415,1188.4886240680598,121500,6.078030347824097
900,626.1642246729415,1197.2706068735192,121635,6.085723638534546
901,626.1642246729415,1182.4766160491856,121770,6.092522382736206
902,626.1642246729415,1192.8311907817163,121905,6.09889554977417
903,626.1642246729415,1192.8218443124535,122040,6.105515956878662
904,626.1642246729415,1184.2641140549122,122175,6.112888336181641
905,626.1642246729415,1202.1357598280554,122310,6.118794202804565
906,626.1642246729415,1181.5686101410777,122445,6.125469446182251
907,626.1642246729415,1208.552091564121,122580,6.1316304206848145
908,626.1642246729415,1179.3168312790615,122715,6.139552593231201
909,626.1642246729415,1205.036976084938,122850,6.145673990249634
910,626.1642246729415,1172.0147386403828,122985,6.15324068069458
911,626.1642246729415,1219.5277596302474,123120,6.15906834602356
912,626.1642246729415,1164.0178621352463,123255,6.1666364669799805
913,626.1642246729415,1196.7837433292132,123390,6.173241138458252
914,626.1642246729415,1207.1683566207917,123525,6.180046796798706
915,626.1642246729415,1154.091191674374,123660,6.188173294067383
916,626.1642246729415,1199.3002681147855,123795,6.195607900619507
917,626.1642246729415,1196.7633348524878,123930,6.203885316848755
918,626.1642246729415,1157.3926112374286,124065,6.210861921310425
919,626.1642246729415,1180.3877980628504,124200,6.218266487121582
920,626.1642246729415,1176.0272399124203,124335,6.225248575210571
921,626.1642246729415,1224.972896425684,124470,6.233186960220337
922,626.1642246729415,1188.631302672526,124605,6.24000883102417
923,626.1642246729415,1206.5724734466708,124740,6.246938705444336
924,626.1642246729415,1164.8624263069928,124875,6.253945350646973
925,626.1642246729415,1173.807639343721,125010,6.261739253997803
926,626.1642246729415,1155.4456691184016,125145,6.270238399505615
927,626.1642246729415,1164.4745396547546,125280,6.27678918838501
928,626.1642246729415,1191.310424582904,125415,6.283593654632568
929,626.1642246729415,1226.950198072326,125550,6.2902491092681885
930,626.1642246729415,1221.8550466103447,125685,6.295860290527344
931,626.1642246729415,1212.0963168376868,125820,6.30247688293457
932,626.1642246729415,1162.539483363574,125955,6.308425426483154
933,626.1642246729415,1169.9688225930622,126090,6.314760684967041
934,626.1642246729415,1208.0761923893558,126225,6.320541858673096
935,626.1642246729415,1147.7659750639732,126360,6.326988458633423
936,626.1642246729415,1200.3842742981017,126495,6.332951307296753
937,626.1642246729415,1200.9350221311936,126630,6.340493679046631
938,626.1642246729415,1233.4618352955456,126765,6.346285581588745
939,626.1642246729415,1179.9284544455015,126900,6.354067802429199
940,626.1642246729415,1167.9571574958686,127035,6.361274242401123
941,626.1642246729415,1193.385602666168,127170,6.36777663230896
942,626.1642246729415,1190.9857302799567,127305,6.3746373653411865
943,626.1642246729415,1199.7935138193259,127440,6.382593393325806
944,626.1642246729415,1169.1101124356287,127575,6.3897480964660645
945,626.1642246729415,1184.3228913010216,127710,6.396868467330933
946,626.1642246729415,1160.2345098521876,127845,6.404926538467407
947,626.1642246729415,1159.2427091211532,127980,6.412353038787842
948,626.1642246729415,1166.167285143765,128115,6.419975996017456
949,626.1642246729415,1165.9032279816659,128250,6.425984621047974
950,626.1642246729415,1218.0459161830565,128385,6.432583570480347
951,626.1642246729415,1191.6878720488373,128520,6.438195705413818
952,626.1642246729415,1206.8135197261108,128655,6.443993806838989
953,626.1642246729415,1179.394861764838,128790,6.4510486125946045
954,626.1642246729415,1143.7917857548305,128925,6.458692312240601
955,626.1642246729415,1187.2402438138477,129060,6.466085433959961
956,626.1642246729415,1190.5943387105115,129195,6.472835063934326
957,626.1642246729415,1189.8272048881745,129330,6.479374885559082
958,626.1642246729415,1184.311652604263,129465,6.4861414432525635
959,626.1642246729415,1191.6470062723597,129600,6.492268085479736
960,626.1642246729415,1205.3671607865615,129735,6.499100208282471
961,626.1642246729415,1195.6468072385721,129870,6.505498886108398
962,626.1642246729415,1183.7257836752217,130005,6.511403322219849
963,626.1642246729415,1180.7221014161307,130140,6.5172035694122314
964,626.1642246729415,1162.3477972330982,130275,6.5227720737457275
965,626.1642246729415,1195.0007272829746,130410,6.528594255447388
966,626.1642246729415,1191.1173777993572,130545,6.535651206970215
967,626.1642246729415,1206.5744761001338,130680,6.543319940567017
968,626.1642246729415,1194.5292049226612,130815,6.551506280899048
969,626.1642246729415,1217.522781125835,130950,6.5578694343566895
970,626.1642246729415,1182.9963501845039,131085,6.565033197402954
971,626.1642246729415,1142.6612188447068,131220,6.572449445724487
972,626.1642246729415,1180.092700001039,131355,6.579055070877075
973,626.1642246729415,1172.4115692222801,131490,6.58582067489624
974,626.1642246729415,1167.5585707940363,131625,6.592793941497803
975,626.1642246729415,1157.676463872801,131760,6.598926305770874
976,626.1642246729415,1168.9925824277093,131895,6.60639214515686
977,626.1642246729415,1183.7980434618241,132030,6.61252498626709
978,626.1642246729415,1182.34591646468,132165,6.618792772293091
979,626.1642246729415,1195.8276642608253,132300,6.625371694564819
980,626.1642246729415,1182.8513361628388,132435,6.633915185928345
981,626.1642246729415,1203.9773777567557,132570,6.64059042930603
982,626.1642246729415,1197.131742426751,132705,6.646905183792114
983,626.1642246729415,1178.439727703602,132840,6.654361963272095
984,626.1642246729415,1206.9930178078491,132975,6.662353992462158
985,626.1642246729415,1199.6047773769226,133110,6.67008638381958
986,626.1642246729415,1195.130935475236,133245,6.676316261291504
987,626.1642246729415,1201.4584901097705,133380,6.683206558227539
988,626.1642246729415,1182.6773520669913,133515,6.689538240432739
989,626.1642246729415,1189.7309594330843,133650,6.6967644691467285
990,626.1642246729415,1196.456353193597,133785,6.703634262084961
991,626.1642246729415,1188.6999288737177,133920,6.711029052734375
992,626.1642246729415,1188.5789440132578,134055,6.716970920562744
993,626.1642246729415,1221.2687417615612,134190,6.724460124969482
994,626.1642246729415,1207.2484424407244,134325,6.7310264110565186
995,626.1642246729415,1183.0933445882702,134460,6.738884210586548
996,626.1642246729415,1217.7447236598925,134595,6.74498438835144
997,626.1642246729415,1223.4680798160762,134730,6.751648426055908
998,626.1642246729415,1177.6812800059367,134865,6.757558584213257
999,626.1642246729415,1160.4205029948469,135000,6.765008211135864
