gen,best_fitness,mean_fitness,evals,time_sec
0,38586.7897312803,42322.599562111805,60,0.0014166831970214844
1,36865.584099835505,40157.01989102212,113,0.0034110546112060547
2,36851.59969566768,39092.690629918274,144,0.004755496978759766
3,35783.40443801278,38305.62099643024,187,0.006460428237915039
4,35155.18571944186,37692.84695057572,222,0.007981300354003906
5,35155.18571944186,37085.06174584857,259,0.009723186492919922
6,34513.49774382812,36474.37398325767,301,0.011349916458129883
7,33944.52671193346,36127.84185561904,336,0.01290273666381836
8,33944.52671193346,35784.934833318046,368,0.014227628707885742
9,33319.81866679205,35515.96289045495,405,0.0157163143157959
10,32425.73461884714,35448.09487899219,441,0.017656803131103516
11,32425.73461884714,35276.66474870736,475,0.01915431022644043
12,32425.73461884714,34698.736675307526,515,0.02064800262451172
13,32425.73461884714,34109.03124876014,557,0.022336244583129883
14,32425.73461884714,33911.49280682379,598,0.024270296096801758
15,32308.329753678623,33721.94448890995,637,0.025760173797607422
16,32308.329753678623,33568.50337388168,678,0.02743053436279297
17,32308.329753678623,34355.193584850655,721,0.029027938842773438
18,32026.65730548768,33854.48717583068,762,0.030686616897583008
19,32026.65730548768,33648.02797418968,799,0.03213191032409668
20,31791.078081809494,33886.49844940861,844,0.03370308876037598
21,31791.078081809494,33967.823844335675,887,0.0352783203125
22,31791.078081809494,34027.72327321293,933,0.03717231750488281
23,31360.741065779068,33807.525241042014,977,0.03873157501220703
24,31360.741065779068,34120.33166257043,1022,0.04040789604187012
25,31360.741065779068,33287.48255824043,1062,0.04186868667602539
26,31007.85388465072,33409.862631226686,1098,0.04320120811462402
27,31007.85388465072,33469.297285857014,1139,0.04527854919433594
28,31007.85388465072,33264.77221372669,1178,0.047126054763793945
29,30777.991208889624,33478.83298195619,1224,0.04881691932678223
30,30777.991208889624,32830.42652449403,1262,0.05024218559265137
31,30777.991208889624,32726.76524548437,1305,0.05224418640136719
32,30338.4159694772,32332.601568746843,1350,0.05421924591064453
33,30338.4159694772,32354.36367757035,1387,0.05566263198852539
34,30338.4159694772,32634.814198894357,1426,0.05712747573852539
35,30338.4159694772,32951.83517310718,1463,0.05861973762512207
36,30338.4159694772,32775.541396289394,1501,0.05997133255004883
37,30338.4159694772,32961.85504202004,1544,0.06148099899291992
38,30338.4159694772,32451.804994680435,1587,0.06308412551879883
39,30338.4159694772,32035.861169275744,1628,0.0648646354675293
40,30338.4159694772,32396.77354061347,1674,0.0665738582611084
41,30338.4159694772,32009.695827670213,1720,0.06821298599243164
42,30338.4159694772,31816.316865453737,1767,0.07003951072692871
43,30338.4159694772,31659.415818511956,1813,0.07195067405700684
44,30125.78239690047,32046.240708794187,1865,0.07395577430725098
45,30125.78239690047,32205.146146857882,1914,0.0757896900177002
46,30125.78239690047,31937.464596928774,1961,0.07759237289428711
47,29809.6874927839,31619.003443896814,2003,0.0791478157043457
48,29809.6874927839,32251.48428568041,2044,0.0805361270904541
49,29525.412611271888,32137.33369593166,2084,0.0819091796875
50,29525.412611271888,31770.200565585477,2118,0.08317923545837402
51,29525.412611271888,31459.958974617733,2153,0.08451247215270996
52,29525.412611271888,31452.105850721025,2187,0.08581304550170898
53,29525.412611271888,31387.493264719247,2221,0.08708453178405762
54,29525.412611271888,32079.90130540255,2260,0.08844733238220215
55,29525.412611271888,31664.044410843264,2296,0.08976435661315918
56,29525.412611271888,31991.76128719625,2336,0.0911407470703125
57,29525.412611271888,31980.42190944122,2375,0.09253501892089844
58,29525.412611271888,31878.01833280624,2414,0.09393906593322754
59,29525.412611271888,32499.020036590286,2457,0.0954744815826416
60,29525.412611271888,31656.77931689873,2500,0.09699726104736328
61,29525.412611271888,31492.050130703487,2544,0.09861922264099121
62,29525.412611271888,32012.652094027875,2591,0.10025906562805176
63,29525.412611271888,31475.513713773107,2635,0.10199284553527832
64,29525.412611271888,31604.452793052475,2676,0.10347890853881836
65,29525.412611271888,31588.99007938355,2721,0.10512852668762207
66,29525.412611271888,31546.89777086079,2769,0.10679149627685547
67,29525.412611271888,30905.363249961145,2813,0.10858559608459473
68,29388.77689149356,31047.31852697836,2859,0.1102144718170166
69,29388.77689149356,30719.625496298097,2904,0.11184573173522949
70,29388.77689149356,30767.931584660066,2952,0.11372685432434082
71,29388.77689149356,31066.996151791325,2993,0.11526918411254883
72,29388.77689149356,31612.689307538458,3037,0.11692523956298828
73,29318.854110707423,31341.0520161697,3079,0.1184546947479248
74,29318.854110707423,30467.626133241683,3118,0.12004828453063965
75,29318.854110707423,31016.214607565595,3159,0.12158513069152832
76,29198.641646445954,30980.844469850355,3200,0.12305927276611328
77,29198.641646445954,31164.4654177873,3240,0.12463974952697754
78,29198.641646445954,30947.035860870034,3279,0.12619900703430176
79,29198.641646445954,31290.5188415904,3320,0.1277620792388916
80,29198.641646445954,30781.305323492037,3357,0.1291508674621582
81,29198.641646445954,31253.287685470907,3396,0.13054203987121582
82,29198.641646445954,31145.92917025243,3434,0.1319127082824707
83,29198.641646445954,31586.4256911059,3475,0.13345098495483398
84,29198.641646445954,31361.864265957403,3514,0.1348433494567871
85,29198.641646445954,31375.002297392788,3553,0.13628458976745605
86,29198.641646445954,30868.278912414426,3590,0.1377408504486084
87,29198.641646445954,31620.234861188877,3631,0.1391465663909912
88,29198.641646445954,31270.417587741977,3670,0.14051580429077148
89,29198.641646445954,31639.8771033588,3711,0.14206957817077637
90,29198.641646445954,31408.730433835288,3751,0.1434934139251709
91,29198.641646445954,31254.894275965235,3790,0.14489436149597168
92,29198.641646445954,31324.36006858797,3830,0.1464376449584961
93,29198.641646445954,32006.19111612875,3873,0.1481621265411377
94,29198.641646445954,31594.085466994482,3913,0.1495974063873291
95,29198.641646445954,31664.285251586774,3953,0.1510465145111084
96,29140.278795598613,31165.784097102794,3991,0.1524641513824463
97,28774.211382836966,31766.165610156404,4034,0.15407419204711914
98,28774.211382836966,31807.448898389066,4071,0.15548229217529297
99,28774.211382836966,30965.95314801353,4104,0.1567542552947998
100,28774.211382836966,31206.31254448844,4138,0.1581113338470459
101,28774.211382836966,31993.083096791415,4177,0.1594700813293457
102,28774.211382836966,31581.46112352203,4213,0.1608715057373047
103,28774.211382836966,31313.85548535868,4248,0.1622011661529541
104,28774.211382836966,31060.715221600305,4282,0.16350150108337402
105,28774.211382836966,31630.13031432609,4318,0.1647641658782959
106,28774.211382836966,31313.614441373833,4355,0.16608166694641113
107,28774.211382836966,30761.40178454016,4391,0.16747736930847168
108,28774.211382836966,31301.064951403598,4430,0.16886353492736816
109,28774.211382836966,30816.83680712432,4467,0.17020368576049805
110,28774.211382836966,30820.656956320112,4504,0.17157816886901855
111,28774.211382836966,31327.205584764328,4544,0.17299270629882812
112,28774.211382836966,31503.024230854247,4584,0.1743934154510498
113,28774.211382836966,31475.540882306515,4621,0.17569446563720703
114,28774.211382836966,31711.711802978527,4659,0.17700552940368652
115,28774.211382836966,31323.17072898299,4695,0.17827725410461426
116,28284.76181951427,31190.718088667032,4731,0.1796247959136963
117,28284.76181951427,31271.46476669946,4764,0.18101286888122559
118,28284.76181951427,31232.77561329088,4799,0.1823124885559082
119,28284.76181951427,31262.91865940609,4833,0.18352508544921875
120,28284.76181951427,30983.158413880978,4867,0.18472504615783691
121,28284.76181951427,30754.58555373457,4907,0.18613409996032715
122,28284.76181951427,30511.539953305037,4946,0.18773555755615234
123,28173.909675887393,30646.540704457617,4986,0.18921446800231934
124,28173.909675887393,29835.37261304178,5024,0.19066786766052246
125,28173.909675887393,30127.252892784705,5061,0.1920456886291504
126,28173.909675887393,30230.83821360819,5103,0.19357848167419434
127,28173.909675887393,29641.675207775796,5145,0.19523906707763672
128,28173.909675887393,29915.624726225196,5189,0.19687318801879883
129,28173.909675887393,29316.23218189317,5225,0.19845914840698242
130,28173.909675887393,30328.18163538135,5266,0.1999504566192627
131,28173.909675887393,31031.883611759476,5311,0.20157337188720703
132,28173.909675887393,30219.24648023265,5353,0.20322704315185547
133,28173.909675887393,29510.65067159804,5393,0.20482397079467773
134,28173.909675887393,29507.949119525096,5432,0.2064197063446045
135,28173.909675887393,29877.526852918283,5473,0.20816969871520996
136,28173.909675887393,30350.599527476916,5516,0.20971369743347168
137,28173.909675887393,29789.279789329838,5557,0.21114873886108398
138,28173.909675887393,30236.600262283468,5599,0.21276497840881348
139,28173.909675887393,29853.930237478537,5639,0.21421194076538086
140,28173.909675887393,29991.869512814625,5680,0.2157909870147705
141,28173.909675887393,29934.769335082652,5720,0.2175910472869873
142,28173.909675887393,29641.714791564365,5759,0.21904349327087402
143,28173.909675887393,30490.001685294486,5800,0.2205030918121338
144,28173.909675887393,30322.086885612483,5841,0.22194504737854004
145,28173.909675887393,29627.986482246,5878,0.22341156005859375
146,28173.909675887393,29901.121457500376,5916,0.22478127479553223
147,28173.909675887393,29584.78312302651,5953,0.22630000114440918
148,28173.909675887393,30564.470848020424,5994,0.22796869277954102
149,28173.909675887393,30234.021032132652,6034,0.22967219352722168
150,28173.909675887393,30063.3379716588,6075,0.23119497299194336
151,28173.909675887393,29980.342683797156,6116,0.23288941383361816
152,28173.909675887393,29815.954907405492,6152,0.23432087898254395
153,28173.909675887393,30302.382949704963,6190,0.2357501983642578
154,28173.909675887393,30082.545536575584,6227,0.23713088035583496
155,28173.909675887393,30003.790444895545,6264,0.2386612892150879
156,28173.909675887393,30208.103472730883,6302,0.2401411533355713
157,28173.909675887393,29606.501550959816,6337,0.24155449867248535
158,28173.909675887393,29779.155169161757,6373,0.2431018352508545
159,28083.73889841616,29755.687626258066,6409,0.24448680877685547
160,28083.73889841616,29969.852765963347,6452,0.24613308906555176
161,28083.73889841616,30109.57044172169,6496,0.24771714210510254
162,28083.73889841616,29541.426422664503,6537,0.24918031692504883
163,28083.73889841616,29696.15399860912,6579,0.2508978843688965
164,28083.73889841616,29285.62356090125,6620,0.252514123916626
165,28083.73889841616,30044.16293934906,6668,0.2542886734008789
166,28083.73889841616,29657.585551491044,6714,0.25595927238464355
167,27780.731086656895,29590.12353085455,6759,0.2576327323913574
168,27780.731086656895,29794.860772868557,6802,0.2592198848724365
169,27780.731086656895,30271.257088836417,6847,0.2607860565185547
170,27780.731086656895,30119.00677786251,6892,0.2626466751098633
171,27780.731086656895,29530.70498017462,6935,0.26435136795043945
172,27780.731086656895,29654.988238294103,6970,0.2657301425933838
173,27780.731086656895,30047.42380790998,7007,0.2670626640319824
174,27780.731086656895,29838.394216527427,7043,0.26839494705200195
175,27780.731086656895,29648.003807482663,7080,0.26981544494628906
176,27433.807787049394,29544.039957228208,7117,0.2712409496307373
177,27433.807787049394,29422.681963517018,7151,0.27251172065734863
178,27433.807787049394,29435.136960372773,7186,0.2738807201385498
179,27433.807787049394,29407.353873210566,7221,0.2753729820251465
180,27433.807787049394,29258.274122486524,7255,0.27669620513916016
181,27433.807787049394,29806.298169944177,7292,0.27801513671875
182,27433.807787049394,29963.288646699682,7329,0.2794361114501953
183,27433.807787049394,29629.346135962827,7364,0.28090667724609375
184,27433.807787049394,29986.92566927651,7400,0.28222131729125977
185,27433.807787049394,29434.66426603181,7433,0.2834596633911133
186,27433.807787049394,29905.017145193644,7469,0.28473734855651855
187,27433.807787049394,29637.012790846788,7506,0.286074161529541
188,27433.807787049394,29739.02336512222,7543,0.2874946594238281
189,27433.807787049394,29032.94314683534,7577,0.28887200355529785
190,27433.807787049394,30038.568880441784,7618,0.29031872749328613
191,27433.807787049394,29562.281855939877,7658,0.2918968200683594
192,27433.807787049394,29373.718923089276,7695,0.29333043098449707
193,27433.807787049394,29672.800062039158,7733,0.29474353790283203
194,27433.807787049394,29335.27965551375,7770,0.29609203338623047
195,27433.807787049394,29544.46855094025,7808,0.29757189750671387
196,27433.807787049394,29708.329383414468,7847,0.2990572452545166
197,27433.807787049394,29549.602480536032,7884,0.30051279067993164
198,27433.807787049394,29383.015631880553,7922,0.3018977642059326
199,27433.807787049394,29387.047456854754,7961,0.30335426330566406
200,27433.807787049394,29231.715364779888,7999,0.3047921657562256
201,27433.807787049394,28996.861445007842,8036,0.30669522285461426
202,27433.807787049394,29479.234360823102,8076,0.30840516090393066
203,27433.807787049394,29374.257322749203,8116,0.3103480339050293
204,27433.807787049394,29947.257596639964,8158,0.312183141708374
205,27302.724417882673,29010.740223779794,8196,0.3140525817871094
206,27075.021631285497,28610.358926630193,8230,0.3156006336212158
207,27075.021631285497,29625.478724436347,8266,0.3172130584716797
208,27075.021631285497,28629.268523157494,8297,0.31859779357910156
209,27075.021631285497,28277.872498972367,8333,0.32035303115844727
210,27075.021631285497,29406.786823488794,8378,0.3219728469848633
211,27075.021631285497,28577.366551008334,8421,0.3237011432647705
212,27075.021631285497,28288.026481003217,8463,0.3254387378692627
213,27075.021631285497,28812.04544327959,8508,0.32707953453063965
214,27075.021631285497,28805.871742540774,8553,0.3290538787841797
215,27075.021631285497,29716.259952959033,8604,0.33109593391418457
216,27075.021631285497,29005.889830616037,8652,0.3333008289337158
217,27075.021631285497,28448.93749279749,8698,0.3351922035217285
218,27075.021631285497,28355.886356042745,8741,0.33692216873168945
219,27075.021631285497,28368.150179730575,8787,0.33878517150878906
220,27075.021631285497,28438.705594213334,8835,0.34059953689575195
221,27075.021631285497,28393.798432990116,8880,0.34239816665649414
222,27075.021631285497,28389.256755329443,8926,0.344127893447876
223,27075.021631285497,28496.156858970884,8972,0.34587526321411133
224,27075.021631285497,28563.51254541916,9018,0.3475914001464844
225,27075.021631285497,28819.235016766113,9065,0.34932470321655273
226,27075.021631285497,28410.620318995865,9110,0.3510267734527588
227,26944.976381587727,28535.358808433015,9156,0.3527376651763916
228,26944.976381587727,28530.460302273,9199,0.35437965393066406
229,26944.976381587727,28356.022154009916,9241,0.35594820976257324
230,26944.976381587727,29198.213271269775,9287,0.35778379440307617
231,26944.976381587727,28846.409044771768,9331,0.35942959785461426
232,26944.976381587727,28659.874604436704,9374,0.361055850982666
233,26944.976381587727,28896.579356151302,9418,0.36277127265930176
234,26944.976381587727,28168.49032493721,9459,0.3643512725830078
235,26944.976381587727,28705.257199287305,9503,0.36595654487609863
236,26944.976381587727,28049.63036733365,9543,0.3677356243133545
237,26944.976381587727,28879.762090458877,9587,0.36930394172668457
238,26944.976381587727,29299.043327654996,9632,0.3708806037902832
239,26944.976381587727,28458.784585228146,9673,0.37247514724731445
240,26944.976381587727,28553.650479133525,9714,0.3740384578704834
241,26944.976381587727,28965.483951513826,9757,0.3756544589996338
242,26944.976381587727,28578.950091383125,9799,0.3772249221801758
243,26800.475860889048,28794.014757639437,9843,0.37880563735961914
244,26800.475860889048,28559.432569636076,9883,0.38042163848876953
245,26800.475860889048,28828.333079077573,9924,0.3821110725402832
246,26800.475860889048,29014.34884433203,9965,0.3836040496826172
247,26800.475860889048,28669.829580399273,10004,0.3850877285003662
248,26800.475860889048,28544.786676840617,10043,0.38655638694763184
249,26800.475860889048,28950.435977067867,10083,0.38800549507141113
250,26800.475860889048,28583.001090197024,10122,0.38941264152526855
251,26800.475860889048,29008.314677416554,10162,0.39087796211242676
252,26800.475860889048,28796.428223325176,10202,0.39238715171813965
253,26800.475860889048,29198.465671730224,10244,0.3938758373260498
254,26800.475860889048,28834.54586768204,10284,0.3953061103820801
255,26458.843670410577,28837.191672643774,10324,0.39678025245666504
256,26458.843670410577,28663.67893482428,10360,0.39813685417175293
257,26458.843670410577,28445.081209555075,10395,0.39949798583984375
258,26458.843670410577,28804.053148578012,10429,0.4008016586303711
259,26458.843670410577,28550.941310888098,10462,0.402040958404541
260,26458.843670410577,29224.894210322633,10498,0.4033775329589844
261,26458.843670410577,28428.64573796431,10530,0.4047586917877197
262,26458.843670410577,28852.645174886715,10564,0.4060852527618408
263,26458.843670410577,29068.270834305975,10599,0.407329797744751
264,26458.843670410577,28846.329618834894,10633,0.4085845947265625
265,26458.843670410577,29012.509061259687,10668,0.4098327159881592
266,26458.843670410577,28706.25452607392,10701,0.4110574722290039
267,26458.843670410577,29869.18549524122,10739,0.41254401206970215
268,26458.843670410577,29524.88724717167,10775,0.4138481616973877
269,26458.843670410577,29075.728849093262,10803,0.4148828983306885
270,26458.843670410577,29063.584645168175,10831,0.41597867012023926
271,26458.843670410577,29213.156104517348,10860,0.417055606842041
272,26458.843670410577,29689.440859038044,10891,0.4184391498565674
273,26458.843670410577,29262.363197394345,10920,0.41984987258911133
274,26458.843670410577,29004.50293895554,10949,0.42092037200927734
275,26458.843670410577,29209.822999869783,10979,0.42197394371032715
276,26458.843670410577,29615.411520572972,11011,0.4231548309326172
277,26458.843670410577,28944.099449600428,11043,0.42435646057128906
278,26458.843670410577,29194.722054056147,11075,0.42556047439575195
279,26458.843670410577,29449.61812240831,11108,0.4267604351043701
280,26458.843670410577,28559.92057268225,11138,0.42791271209716797
281,26458.843670410577,29320.707554506494,11173,0.42917490005493164
282,26458.843670410577,29373.17674457724,11209,0.43047523498535156
283,26458.843670410577,29476.280744214495,11246,0.43184638023376465
284,26458.843670410577,28810.283689636082,11280,0.4331183433532715
285,26458.843670410577,28792.48615762785,11314,0.43439769744873047
286,26458.843670410577,29258.988592000274,11350,0.4356989860534668
287,26458.843670410577,29158.044273938915,11387,0.4370551109313965
288,26458.843670410577,29398.792611476114,11425,0.4383249282836914
289,26458.843670410577,29441.327927334863,11463,0.4396634101867676
290,26458.843670410577,28185.266173299126,11495,0.44084715843200684
291,26458.843670410577,29303.17466727747,11533,0.44232630729675293
292,26458.843670410577,28918.277999249865,11568,0.4436643123626709
293,26456.544763107795,28785.51547549363,11604,0.4449577331542969
294,26456.544763107795,28874.137830914002,11645,0.4464747905731201
295,26456.544763107795,29029.94240563545,11687,0.44801926612854004
296,26456.544763107795,28268.965157565875,11726,0.4495508670806885
297,26456.544763107795,28405.120423295728,11768,0.45105457305908203
298,26456.544763107795,28853.30550159433,11812,0.45259785652160645
299,26456.544763107795,28571.905988011633,11858,0.45432305335998535
300,26456.544763107795,27795.118262269873,11895,0.4557337760925293
301,26456.544763107795,28600.785198943086,11935,0.45714449882507324
302,26456.544763107795,27880.030697864484,11972,0.45853662490844727
303,26456.544763107795,28387.79549406346,12011,0.4600410461425781
304,26456.544763107795,28421.89337182949,12050,0.4614884853363037
305,26456.544763107795,28499.241695987934,12090,0.46303296089172363
306,26456.544763107795,27997.602155857887,12128,0.4645049571990967
307,26456.544763107795,28310.771885143393,12167,0.4659256935119629
308,26066.77108150833,28124.30239028726,12209,0.4674367904663086
309,26066.77108150833,28334.320341949002,12246,0.4687950611114502
310,26066.77108150833,28557.500900278064,12284,0.47022199630737305
311,26066.77108150833,28412.54719328619,12321,0.4716157913208008
312,26066.77108150833,28424.215065883185,12358,0.47296619415283203
313,26066.77108150833,27849.583619285146,12393,0.47426390647888184
314,26066.77108150833,27787.656600179616,12428,0.475724458694458
315,26066.77108150833,28336.388142472675,12463,0.47704648971557617
316,26066.77108150833,28234.95772194605,12498,0.4783365726470947
317,26066.77108150833,28404.813817579703,12534,0.47960901260375977
318,26066.77108150833,27985.11212862609,12567,0.48088526725769043
319,26066.77108150833,28584.911642840383,12603,0.48210954666137695
320,26066.77108150833,28165.63836944559,12637,0.48339414596557617
321,26066.77108150833,27961.138924779858,12671,0.4846961498260498
322,26066.77108150833,28142.357421331675,12706,0.4860055446624756
323,26066.77108150833,27872.191218081374,12744,0.4874091148376465
324,26066.77108150833,28152.798104099074,12784,0.48890233039855957
325,26066.77108150833,28498.336966740168,12825,0.49034810066223145
326,26066.77108150833,27151.74072442899,12861,0.4918498992919922
327,26066.77108150833,28478.27769162004,12903,0.49350833892822266
328,26066.77108150833,28294.73933107293,12944,0.4951014518737793
329,26066.77108150833,27809.498169229373,12983,0.4966280460357666
330,26066.77108150833,28103.180474568613,13023,0.49810361862182617
331,26066.77108150833,27969.78061700741,13063,0.49968671798706055
332,26066.77108150833,28562.58244400754,13105,0.5011992454528809
333,26066.77108150833,28127.65982279569,13146,0.5026781558990479
334,26066.77108150833,27804.817206605898,13186,0.5041916370391846
335,26066.77108150833,27622.519569415774,13225,0.5056595802307129
336,26066.77108150833,28231.156046287524,13267,0.5071353912353516
337,26066.77108150833,27776.26822953252,13309,0.5087723731994629
338,26066.77108150833,28111.86441261309,13354,0.5103960037231445
339,26066.77108150833,27492.230392300065,13394,0.5118656158447266
340,26066.77108150833,27668.036010721284,13435,0.513624906539917
341,26066.77108150833,27933.62486321188,13477,0.5151264667510986
342,26066.77108150833,27500.73754254299,13515,0.5165998935699463
343,26066.77108150833,28248.522677620596,13556,0.5180618762969971
344,26066.77108150833,27762.473887637436,13595,0.5194849967956543
345,26066.77108150833,27528.1860912487,13633,0.5208661556243896
346,26066.77108150833,27446.18451898033,13671,0.5225281715393066
347,26066.77108150833,28150.37453908457,13714,0.5240528583526611
348,26066.77108150833,27519.579911896984,13754,0.525629997253418
349,26066.77108150833,28238.89486190055,13797,0.5271420478820801
350,26066.77108150833,27972.387406750055,13839,0.5286850929260254
351,26066.77108150833,28170.74996493168,13881,0.5302252769470215
352,26066.77108150833,28063.26183796889,13924,0.5318260192871094
353,26066.77108150833,27166.72149764323,13964,0.5333418846130371
354,26066.77108150833,28081.313163174058,14008,0.5350100994110107
355,26066.77108150833,27882.823125292805,14051,0.536557674407959
356,26066.77108150833,28139.61524652346,14095,0.5380806922912598
357,26066.77108150833,28169.376824518316,14140,0.5397672653198242
358,26066.77108150833,27373.026564968648,14182,0.5414092540740967
359,26066.77108150833,28037.2871731511,14226,0.5430617332458496
360,26066.77108150833,28038.742342991016,14270,0.5446181297302246
361,26066.77108150833,27045.130723650604,14310,0.5462071895599365
362,25859.63235842275,28274.57679053039,14356,0.5478672981262207
363,25859.63235842275,27747.86338659628,14393,0.5492668151855469
364,25859.63235842275,27510.976408315393,14429,0.5506141185760498
365,25859.63235842275,28218.676852845987,14468,0.5519986152648926
366,25859.63235842275,28242.502452553672,14507,0.5534169673919678
367,25859.63235842275,27788.816496220115,14544,0.55478835105896
368,25859.63235842275,27774.2508996927,14581,0.5561385154724121
369,25859.63235842275,28205.29794443934,14618,0.5576934814453125
370,25859.63235842275,27815.34056129314,14653,0.5590589046478271
371,25859.63235842275,27817.94627047029,14691,0.5604486465454102
372,25859.63235842275,27366.12026131085,14727,0.5618810653686523
373,25859.63235842275,27819.271422810325,14765,0.5635454654693604
374,25859.63235842275,27618.314952784855,14802,0.5650088787078857
375,25859.63235842275,27913.31781008304,14840,0.566500186920166
376,25859.63235842275,27795.48723390397,14878,0.567899227142334
377,25859.63235842275,28108.062220258762,14917,0.5693032741546631
378,25859.63235842275,27919.006321216817,14955,0.5709199905395508
379,25859.63235842275,27153.515930448946,14990,0.5723574161529541
380,25859.63235842275,27879.769995088514,15028,0.57381272315979
381,25859.63235842275,27992.296714952463,15066,0.5752596855163574
382,25859.63235842275,28097.954708113037,15108,0.5769479274749756
383,25859.63235842275,27958.85590810151,15149,0.578423023223877
384,25859.63235842275,27121.414305431605,15187,0.579967737197876
385,25859.63235842275,27364.21410172721,15226,0.5814523696899414
386,25859.63235842275,27744.33843220021,15269,0.5830423831939697
387,25859.63235842275,27865.768317714403,15312,0.5846128463745117
388,25859.63235842275,27709.75584521189,15355,0.5862247943878174
389,25734.810600243538,27130.787079423142,15396,0.5878102779388428
390,25734.810600243538,27463.481574039026,15437,0.5892550945281982
391,25734.810600243538,27145.765263608013,15477,0.5907108783721924
392,25734.810600243538,28030.186914428195,15522,0.5923500061035156
393,25734.810600243538,27201.62692803029,15561,0.5937905311584473
394,25734.810600243538,26937.552598861872,15599,0.5952308177947998
395,25680.101057016087,27515.80469455508,15640,0.5968365669250488
396,25680.101057016087,27180.749429584775,15682,0.5985033512115479
397,25058.26860568287,27370.11182834627,15725,0.6000831127166748
398,25058.26860568287,27386.751022077504,15758,0.6013398170471191
399,25058.26860568287,27392.002920151688,15791,0.6026332378387451
400,25058.26860568287,27071.038171388485,15823,0.6038892269134521
401,25058.26860568287,27837.42238836618,15857,0.6051583290100098
402,25058.26860568287,27550.390951469064,15890,0.6065974235534668
403,25058.26860568287,27062.578103364987,15921,0.6077747344970703
404,25058.26860568287,27619.60188365874,15955,0.6089963912963867
405,25058.26860568287,27065.397952125597,15986,0.6101534366607666
406,25058.26860568287,27824.924268342744,16020,0.611398458480835
407,25058.26860568287,26998.949149031043,16051,0.6127097606658936
408,25058.26860568287,26997.065746437176,16082,0.6139285564422607
409,25058.26860568287,27214.522866708816,16114,0.6151604652404785
410,25058.26860568287,27282.281224846804,16146,0.6165928840637207
411,25058.26860568287,27164.50433962468,16178,0.617877721786499
412,25058.26860568287,26773.906150273,16209,0.619086503982544
413,25058.26860568287,27513.205747054028,16243,0.6203088760375977
414,25058.26860568287,27443.80270030027,16277,0.6215920448303223
415,25058.26860568287,27228.45291124673,16310,0.6229166984558105
416,25058.26860568287,26992.24091134361,16342,0.6242609024047852
417,25058.26860568287,27049.42265080213,16374,0.6254565715789795
418,25058.26860568287,27183.273295795643,16407,0.6267101764678955
419,25058.26860568287,27500.274457264248,16442,0.6279926300048828
420,25058.26860568287,27762.408574827943,16476,0.6292030811309814
421,25058.26860568287,27305.649582488117,16508,0.6305432319641113
422,25058.26860568287,27076.256728328837,16539,0.6317236423492432
423,25058.26860568287,27027.339620463663,16570,0.6329162120819092
424,25058.26860568287,27212.097005684736,16606,0.6342401504516602
425,24867.359044300967,26920.764186975553,16641,0.6355395317077637
426,24867.359044300967,26826.66221973781,16675,0.6367974281311035
427,24867.359044300967,26877.961861518164,16709,0.6380491256713867
428,24867.359044300967,27436.55212678553,16745,0.6393389701843262
429,24867.359044300967,27551.358364202253,16784,0.6406755447387695
430,24867.359044300967,26315.28164190811,16818,0.6420674324035645
431,24867.359044300967,27015.23120379086,16854,0.6434884071350098
432,24867.359044300967,27688.92022292119,16892,0.6448755264282227
433,24867.359044300967,27074.491426599467,16928,0.6462438106536865
434,24867.359044300967,26572.181939411657,16962,0.6475439071655273
435,24867.359044300967,26813.02584055813,16997,0.6488690376281738
436,24867.359044300967,27774.645846461746,17036,0.6502234935760498
437,24867.359044300967,27158.336275872243,17072,0.6516361236572266
438,24867.359044300967,27030.634315149622,17108,0.6530745029449463
439,24867.359044300967,27304.342548486067,17145,0.6545162200927734
440,24867.359044300967,27008.993732154497,17182,0.6559877395629883
441,24867.359044300967,27048.541589224475,17219,0.6573402881622314
442,24867.359044300967,27719.89645995147,17259,0.6587681770324707
443,24867.359044300967,26763.03951106854,17295,0.6602256298065186
444,24782.245076066458,27246.82778608563,17333,0.6616353988647461
445,24782.245076066458,26960.34249196858,17372,0.6631240844726562
446,24782.245076066458,27284.96100215908,17413,0.6646139621734619
447,24782.245076066458,26658.997837433697,17452,0.6661903858184814
448,24782.245076066458,26425.15253264975,17491,0.6677613258361816
449,24678.22917502528,26863.733169785024,17530,0.6691958904266357
450,24678.22917502528,27158.116379818817,17568,0.6707677841186523
451,24678.22917502528,26256.89007180167,17604,0.6723024845123291
452,24678.22917502528,26817.843008515974,17642,0.6737678050994873
453,24678.22917502528,26983.720768461706,17682,0.6752865314483643
454,24678.22917502528,26476.712863964276,17721,0.6768455505371094
455,24678.22917502528,26539.492790162552,17760,0.6782870292663574
456,24678.22917502528,26700.349795471706,17804,0.6799037456512451
457,24678.22917502528,26950.668082986398,17849,0.6814959049224854
458,24678.22917502528,26498.011361168534,17892,0.68308424949646
459,24678.22917502528,26405.33850502091,17936,0.6849079132080078
460,24678.22917502528,26126.8327186793,17979,0.6865570545196533
461,24678.22917502528,26979.22453649222,18025,0.6883575916290283
462,24678.22917502528,26342.08801326922,18069,0.6900997161865234
463,24678.22917502528,26535.52118623393,18114,0.6917812824249268
464,24678.22917502528,26422.273781155458,18158,0.693472146987915
465,24678.22917502528,26918.10366245493,18204,0.6950986385345459
466,24678.22917502528,26171.014403223468,18247,0.6967718601226807
467,24678.22917502528,26665.357864918933,18292,0.6984186172485352
468,24678.22917502528,26703.423979842537,18337,0.7001338005065918
469,24678.22917502528,26734.43578287329,18382,0.7018017768859863
470,24678.22917502528,26678.552667831686,18427,0.7035233974456787
471,24678.22917502528,26556.191940342895,18472,0.70513916015625
472,24331.80937529353,25994.946754619796,18515,0.7068421840667725
473,24331.80937529353,25763.539334193185,18552,0.7083427906036377
474,24331.80937529353,27603.59767860222,18596,0.709998369216919
475,24331.80937529353,26622.135215131573,18636,0.7115259170532227
476,24331.80937529353,27331.566771266578,18680,0.7130355834960938
477,24331.80937529353,26127.497532817764,18719,0.714594841003418
478,24331.80937529353,26993.56490988273,18761,0.7160847187042236
479,24331.80937529353,27532.628728117754,18805,0.7180161476135254
480,24331.80937529353,27607.993548280865,18849,0.7195978164672852
481,24331.80937529353,26924.929707665113,18891,0.7210776805877686
482,24331.80937529353,27014.20653721051,18933,0.7227170467376709
483,24331.80937529353,26828.21011127062,18974,0.7243914604187012
484,24331.80937529353,26979.840211063056,19016,0.7260165214538574
485,24331.80937529353,28090.060067641207,19062,0.7276637554168701
486,24331.80937529353,27417.26655438844,19102,0.7290620803833008
487,24331.80937529353,26353.532682983867,19138,0.7305192947387695
488,24331.80937529353,27299.63480475728,19178,0.7319588661193848
489,24331.80937529353,26992.45951099636,19217,0.7335660457611084
490,24331.80937529353,26943.89131954589,19256,0.7350695133209229
491,24331.80937529353,26987.789097609322,19295,0.7365086078643799
492,24331.80937529353,27158.57343796279,19335,0.7379050254821777
493,24331.80937529353,27310.677181894636,19376,0.739349365234375
494,24331.80937529353,27586.36749679528,19418,0.7407975196838379
495,24331.80937529353,27121.502651746177,19458,0.7423241138458252
496,24331.80937529353,26826.12007888625,19497,0.7438554763793945
497,24331.80937529353,26909.312720504957,19537,0.7454020977020264
498,24331.80937529353,27272.279454540636,19578,0.7469561100006104
499,24331.80937529353,26787.921463676983,19617,0.7484276294708252
500,24331.80937529353,26713.00298568527,19656,0.7498469352722168
501,24331.80937529353,27169.65069268115,19697,0.7515196800231934
502,24331.80937529353,26661.3203329732,19736,0.7530953884124756
503,24331.80937529353,27336.940425584366,19778,0.7547111511230469
504,24331.80937529353,26823.747046063127,19816,0.7560889720916748
505,24331.80937529353,26690.76892315056,19852,0.7574026584625244
506,24331.80937529353,27564.72812869003,19892,0.7591238021850586
507,24331.80937529353,27011.52155980222,19929,0.7609210014343262
508,24331.80937529353,26961.204221718584,19966,0.7622613906860352
509,24331.80937529353,26679.412143742913,20002,0.7636322975158691
510,24331.80937529353,27052.673284162047,20039,0.7650701999664307
511,24331.80937529353,27495.602373964142,20078,0.7666816711425781
512,24331.80937529353,27469.617957971976,20117,0.7681369781494141
513,24331.80937529353,27578.613933457233,20156,0.7696032524108887
514,24331.80937529353,26473.779556314035,20191,0.7708935737609863
515,24331.80937529353,27120.35021771407,20229,0.7723820209503174
516,24331.80937529353,26804.176743725882,20266,0.7738628387451172
517,24331.80937529353,27032.37871440293,20303,0.7752041816711426
518,24331.80937529353,27100.950707260312,20340,0.7766108512878418
519,24331.80937529353,27238.64988722423,20377,0.777925968170166
520,24331.80937529353,26913.49526487903,20413,0.7792129516601562
521,24331.80937529353,26847.75468544383,20449,0.7805154323577881
522,24331.80937529353,27129.553798967787,20487,0.7819168567657471
523,24331.80937529353,26732.42444886306,20525,0.7833995819091797
524,24331.80937529353,27221.454316811458,20564,0.7850620746612549
525,24331.80937529353,27399.755768296774,20604,0.786545991897583
526,24331.80937529353,27019.421480677087,20642,0.7879765033721924
527,24331.80937529353,27207.705890833455,20681,0.7893702983856201
528,24331.80937529353,26560.64925809473,20718,0.7907669544219971
529,24331.80937529353,27009.167981197254,20759,0.792435884475708
530,24331.80937529353,27546.100309362446,20800,0.7939224243164062
531,24331.80937529353,26913.64044645866,20839,0.7954058647155762
532,24331.80937529353,27086.829922567787,20879,0.796849250793457
533,24331.80937529353,26908.356400398086,20918,0.7982776165008545
534,24331.80937529353,27113.006329229065,20958,0.7997701168060303
535,24331.80937529353,26941.48031222036,20997,0.8012192249298096
536,24331.80937529353,26826.810033291298,21036,0.8026401996612549
537,24331.80937529353,27124.86580199863,21076,0.8040568828582764
538,24331.80937529353,26949.18050054277,21116,0.8056685924530029
539,24331.80937529353,27010.42157914874,21156,0.8071043491363525
540,24331.80937529353,27016.23258330136,21196,0.8085942268371582
541,24331.80937529353,26867.778461811406,21235,0.8100650310516357
542,24331.80937529353,27366.71302329075,21276,0.8115174770355225
543,24331.80937529353,26992.07663299701,21315,0.8129510879516602
544,24331.80937529353,27397.067942690683,21356,0.8145046234130859
545,24331.80937529353,27223.16476129485,21396,0.8159744739532471
546,24331.80937529353,27046.383222832334,21435,0.8174223899841309
547,24331.80937529353,27594.563076182385,21476,0.818864107131958
548,24331.80937529353,27312.290414956165,21516,0.8202972412109375
549,24331.80937529353,27367.622189808557,21556,0.821702241897583
550,24331.80937529353,27237.891853554156,21596,0.8231368064880371
551,24331.80937529353,27790.213772391176,21638,0.8246767520904541
552,24331.80937529353,27021.990941089072,21677,0.8262126445770264
553,24331.80937529353,27686.751850239874,21719,0.8277885913848877
554,24331.80937529353,27063.421780516903,21758,0.82920241355896
555,24331.80937529353,27488.479107446277,21799,0.8306858539581299
556,24331.80937529353,27799.371613996915,21841,0.832144021987915
557,24331.80937529353,27428.33007415009,21881,0.8336219787597656
558,24331.80937529353,27386.230560771302,21921,0.8351147174835205
559,24331.80937529353,27652.664882840825,21962,0.8365797996520996
560,24331.80937529353,27724.98602949186,22003,0.8382093906402588
561,24331.80937529353,27792.586467698762,22045,0.8397643566131592
562,24331.80937529353,27400.763136908525,22085,0.8412439823150635
563,24331.80937529353,27587.06354946043,22126,0.8426642417907715
564,24331.80937529353,28055.644160309454,22168,0.8442056179046631
565,24331.80937529353,27702.35703370968,22209,0.8458151817321777
566,24331.80937529353,27345.34946329281,22249,0.8473570346832275
567,24331.80937529353,27672.078436949814,22290,0.8489601612091064
568,24331.80937529353,28018.887858087943,22332,0.8505899906158447
569,24331.80937529353,27863.064811975237,22373,0.8520393371582031
570,24331.80937529353,27875.102309391503,22414,0.8535585403442383
571,24214.285747033227,27516.84831177992,22455,0.8550164699554443
572,24214.285747033227,28103.07493653632,22500,0.8565642833709717
573,24214.285747033227,27471.351681835684,22543,0.8580615520477295
574,24214.285747033227,26789.344415608757,22584,0.8596112728118896
575,24214.285747033227,26530.901123388776,22624,0.8611173629760742
576,24214.285747033227,27466.014882348925,22668,0.8627758026123047
577,24214.285747033227,26935.75041728145,22710,0.864372730255127
578,24214.285747033227,27455.123161647884,22752,0.865952730178833
579,24214.285747033227,27447.283344641666,22793,0.8676474094390869
580,24214.285747033227,27059.13282226017,22833,0.8690629005432129
581,24214.285747033227,26563.15828047673,22871,0.8704509735107422
582,24214.285747033227,27313.183891903693,22912,0.8718924522399902
583,24214.285747033227,27253.298289089507,22953,0.8734259605407715
584,24214.285747033227,27978.368723245025,22996,0.8749282360076904
585,24214.285747033227,27256.2081759669,23037,0.8765528202056885
586,24214.285747033227,27367.938991254385,23078,0.8779821395874023
587,24214.285747033227,26947.49026818284,23115,0.879291296005249
588,24214.285747033227,27689.417452922793,23156,0.8806900978088379
589,24214.285747033227,27831.526781632198,23198,0.8825113773345947
590,24214.285747033227,27156.34796238581,23237,0.8839917182922363
591,24214.285747033227,27572.965962917362,23278,0.8855316638946533
592,24214.285747033227,27195.808136810138,23317,0.8869667053222656
593,24214.285747033227,27188.391212896404,23356,0.8883929252624512
594,24214.285747033227,27452.946722193145,23396,0.8898861408233643
595,24214.285747033227,27204.46474463223,23436,0.8913121223449707
596,24214.285747033227,27082.734885491016,23475,0.8926889896392822
597,24214.285747033227,28262.92884894738,23518,0.8941659927368164
598,24214.285747033227,26891.42310850202,23556,0.8956267833709717
599,24214.285747033227,27344.320163876007,23596,0.8970987796783447
600,24214.285747033227,27215.647350732095,23636,0.8985536098480225
601,24214.285747033227,26808.806886716164,23673,0.8999462127685547
602,24214.285747033227,27355.60472857339,23713,0.9013702869415283
603,24214.285747033227,28095.02484178107,23755,0.9027915000915527
604,24214.285747033227,27047.807450991626,23792,0.9042012691497803
605,24214.285747033227,27200.517211080813,23830,0.905768871307373
606,24214.285747033227,27363.839370513022,23869,0.9071478843688965
607,24214.285747033227,27210.05845904737,23907,0.9086148738861084
608,24214.285747033227,27824.519184701516,23947,0.9100840091705322
609,24214.285747033227,26941.0194210901,23984,0.9115440845489502
610,24214.285747033227,27228.835911052436,24023,0.9130256175994873
611,24214.285747033227,27343.96667765265,24062,0.9144480228424072
612,24214.285747033227,27352.94025584239,24101,0.9158480167388916
613,24214.285747033227,28009.426593463668,24142,0.9172649383544922
614,24214.285747033227,27391.239667213034,24181,0.9185798168182373
615,24214.285747033227,27380.041275671294,24220,0.9200387001037598
616,24214.285747033227,27219.330054641643,24259,0.9216604232788086
617,24214.285747033227,26892.23160429988,24293,0.9229660034179688
618,24090.531319879716,27512.027637132865,24330,0.9243292808532715
619,24090.531319879716,27079.80866038404,24367,0.9257781505584717
620,24090.531319879716,26983.153041907084,24404,0.9271137714385986
621,24090.531319879716,27554.16204397412,24443,0.928516149520874
622,24090.531319879716,26992.849880867685,24480,0.929877519607544
623,24090.531319879716,27170.998507802837,24518,0.9312744140625
624,24090.531319879716,27282.95415292477,24556,0.9326891899108887
625,24090.531319879716,27045.814931886667,24593,0.9340486526489258
626,24090.531319879716,27870.887688363197,24633,0.9354875087738037
627,24090.531319879716,27204.085194301468,24670,0.9368212223052979
628,24090.531319879716,26561.69354199263,24705,0.9381177425384521
629,24090.531319879716,27829.292575663716,24746,0.9396653175354004
630,24090.531319879716,26789.890935578227,24783,0.9411039352416992
631,24090.531319879716,27257.46167915672,24822,0.9424927234649658
632,24090.531319879716,26783.670101809254,24859,0.9438726902008057
633,24090.531319879716,26719.80607093923,24895,0.9451906681060791
634,24090.531319879716,27693.115956940273,24935,0.9467356204986572
635,24090.531319879716,26745.539231667986,24971,0.9483182430267334
636,24090.531319879716,27314.034712102497,25010,0.9497222900390625
637,24090.531319879716,27088.69549530424,25048,0.9510972499847412
638,24090.531319879716,27250.456293639923,25087,0.9525375366210938
639,24090.531319879716,26940.772898619554,25124,0.9539062976837158
640,24090.531319879716,27486.570063266794,25163,0.9555435180664062
641,24090.531319879716,27232.92846951719,25200,0.956916093826294
642,24090.531319879716,27717.27650081641,25240,0.9583010673522949
643,24090.531319879716,27342.538660085775,25278,0.9596598148345947
644,24090.531319879716,27286.457223588353,25317,0.9610586166381836
645,24090.531319879716,26900.967942543433,25355,0.9626829624176025
646,24090.531319879716,27147.91389341002,25394,0.9641764163970947
647,24090.531319879716,27390.65773557712,25434,0.9655807018280029
648,24090.531319879716,27314.98723028106,25473,0.9670124053955078
649,24090.531319879716,27375.337771064216,25513,0.9683892726898193
650,24090.531319879716,27351.06129945015,25552,0.9698357582092285
651,24090.531319879716,27211.956132967523,25591,0.9712903499603271
652,24090.531319879716,27573.754837741148,25631,0.9726715087890625
653,24090.531319879716,26925.441421316355,25669,0.9740211963653564
654,24090.531319879716,27298.361817583373,25708,0.9754881858825684
655,24090.531319879716,27331.959313446205,25747,0.9769589900970459
656,24090.531319879716,27135.85143589262,25785,0.978571891784668
657,24090.531319879716,27508.27610839634,25825,0.9800872802734375
658,24090.531319879716,27374.53842563789,25864,0.9814558029174805
659,24090.531319879716,27304.04748483705,25903,0.9828672409057617
660,24090.531319879716,27664.73848016851,25943,0.9844083786010742
661,24090.531319879716,27346.827912620192,25982,0.9857749938964844
662,24090.531319879716,26617.02682398764,26018,0.9870893955230713
663,24090.531319879716,27151.297845220022,26056,0.9884097576141357
664,24090.531319879716,27693.335340782432,26096,0.9897925853729248
665,24090.531319879716,27368.258905704,26136,0.9913022518157959
666,24090.531319879716,27079.69811326768,26174,0.9926633834838867
667,24090.531319879716,27576.825555117037,26215,0.994063138961792
668,24090.531319879716,26744.39875855743,26252,0.9955079555511475
669,24090.531319879716,27837.460692601635,26293,0.9970223903656006
670,24090.531319879716,26944.025786859318,26331,0.9983751773834229
671,24090.531319879716,27300.380167230713,26370,0.9997725486755371
672,24090.531319879716,27468.66823821333,26410,1.0011849403381348
673,24090.531319879716,27037.98507459125,26448,1.0027360916137695
674,24090.531319879716,27289.299021610394,26488,1.0041558742523193
675,24090.531319879716,27621.67216080131,26528,1.0056252479553223
676,24090.531319879716,26963.745289255294,26567,1.0070068836212158
677,24090.531319879716,27239.112471674172,26609,1.0085368156433105
678,24090.531319879716,27648.969454336133,26653,1.0100834369659424
679,24090.531319879716,26609.258146300454,26693,1.0115361213684082
680,24090.531319879716,26421.34351047454,26732,1.013136863708496
681,24090.531319879716,27522.913359567483,26776,1.0146360397338867
682,24090.531319879716,26875.42252166688,26817,1.0160834789276123
683,24090.531319879716,27139.754288198656,26859,1.0176355838775635
684,24090.531319879716,27498.91380192741,26902,1.0191023349761963
685,24090.531319879716,26804.580546072142,26943,1.0206611156463623
686,24090.531319879716,27154.09987104313,26985,1.0221097469329834
687,24090.531319879716,26772.591004087306,27026,1.0236878395080566
688,24090.531319879716,26559.626820517668,27066,1.0251491069793701
689,24090.531319879716,27248.23331614373,27109,1.0268445014953613
690,24090.531319879716,27083.16159902105,27151,1.028310775756836
691,24090.531319879716,26601.70978785998,27192,1.0297508239746094
692,24090.531319879716,27335.224542267835,27235,1.0312533378601074
693,24090.531319879716,27157.946627526304,27277,1.0327625274658203
694,24090.531319879716,27249.23829212065,27320,1.0342402458190918
695,24090.531319879716,27215.285258652046,27362,1.0357918739318848
696,24090.531319879716,26907.160169423656,27403,1.0372734069824219
697,24090.531319879716,26338.1149507257,27443,1.0387964248657227
698,24090.531319879716,28479.718704687588,27491,1.040436029434204
699,24090.531319879716,26967.664720791527,27533,1.0419158935546875
700,24090.531319879716,26911.270664664215,27575,1.0434496402740479
701,24090.531319879716,27233.486398971752,27619,1.0451421737670898
702,24090.531319879716,26179.558756364913,27659,1.04664945602417
703,24090.531319879716,27296.996283336004,27704,1.0481891632080078
704,24090.531319879716,26332.037705728482,27745,1.0497028827667236
705,24090.531319879716,26427.229062978775,27787,1.051241397857666
706,24090.531319879716,27002.36951686549,27831,1.0528290271759033
707,24090.531319879716,27504.55092126429,27878,1.0545322895050049
708,24090.531319879716,26447.09185062673,27920,1.056215524673462
709,24090.531319879716,26832.06571372765,27963,1.057995319366455
710,24090.531319879716,26302.222382105454,28004,1.0595791339874268
711,24090.531319879716,27583.3941322918,28050,1.0611531734466553
712,24090.531319879716,27174.10904746637,28094,1.0627310276031494
713,24090.531319879716,26983.657980241245,28137,1.064507246017456
714,24090.531319879716,27200.026517857346,28181,1.066094160079956
715,24090.531319879716,27020.69437942195,28224,1.0677084922790527
716,24090.531319879716,26596.379034649603,28266,1.0693283081054688
717,24090.531319879716,26661.32363402563,28308,1.070908546447754
718,24090.531319879716,27227.459734938304,28353,1.072669267654419
719,24090.531319879716,27092.310997543533,28397,1.074383020401001
720,24090.531319879716,27403.497617828325,28440,1.0758531093597412
721,24090.531319879716,26745.433630501164,28481,1.0775604248046875
722,24090.531319879716,26451.28952815525,28521,1.079010009765625
723,24090.531319879716,26452.991109408347,28561,1.0805842876434326
724,24090.531319879716,27024.142392785427,28603,1.0821290016174316
725,24090.531319879716,27500.60994954452,28647,1.0836834907531738
726,24090.531319879716,26538.75036803538,28687,1.0851387977600098
727,24090.531319879716,26558.16069390225,28727,1.0865974426269531
728,24090.531319879716,26679.334734171603,28768,1.0880742073059082
729,24090.531319879716,27353.78465529609,28812,1.089604377746582
730,24090.531319879716,26672.310177265223,28852,1.0911471843719482
731,24090.531319879716,27063.878633453056,28894,1.092670202255249
732,24090.531319879716,26734.48792798578,28934,1.0940911769866943
733,24090.531319879716,27053.112544475833,28975,1.0955746173858643
734,24090.531319879716,26430.480269612166,29013,1.0969734191894531
735,24090.531319879716,27064.670984842807,29054,1.0984625816345215
736,24090.531319879716,26783.3396754068,29094,1.099888563156128
737,24090.531319879716,27290.843037228722,29136,1.1013903617858887
738,24090.531319879716,25964.37147990215,29173,1.1027793884277344
739,24090.531319879716,27457.65650031686,29216,1.104266881942749
740,24090.531319879716,27192.888908520945,29257,1.10573410987854
741,24090.531319879716,26575.288373297128,29296,1.1071953773498535
742,24090.531319879716,26556.233559816068,29335,1.1085495948791504
743,24090.531319879716,26412.862610391338,29374,1.1100537776947021
744,24090.531319879716,26746.425327057623,29414,1.1115634441375732
745,24090.531319879716,26900.209825090784,29455,1.1131303310394287
746,24090.531319879716,26696.884410560924,29495,1.1148288249969482
747,24090.531319879716,27053.35950060175,29537,1.1163077354431152
748,24090.531319879716,26495.047978118164,29576,1.1180634498596191
749,24090.531319879716,26799.01785817502,29616,1.1194779872894287
750,24090.531319879716,27184.47750584013,29658,1.120924949645996
751,24090.531319879716,26722.171616126965,29698,1.1222848892211914
752,24090.531319879716,26964.819869228966,29737,1.1239237785339355
753,24090.531319879716,26724.07746398709,29775,1.1252734661102295
754,24090.531319879716,26666.23091050959,29813,1.1266553401947021
755,24090.531319879716,25839.148942937907,29848,1.1279914379119873
756,24090.531319879716,27038.6348361052,29887,1.1293871402740479
757,24090.531319879716,26400.357973613427,29924,1.130845069885254
758,24090.531319879716,26745.276377971557,29962,1.1322414875030518
759,24090.531319879716,26635.457609641784,30000,1.1336593627929688
760,24090.531319879716,25924.430710914614,30035,1.1351797580718994
761,24090.531319879716,26885.351475370957,30074,1.1365611553192139
762,24090.531319879716,26341.599561509087,30111,1.137901782989502
763,24090.531319879716,26701.85010286956,30150,1.1392536163330078
764,24090.531319879716,26149.790785006786,30186,1.1407947540283203
765,24090.531319879716,27265.367230171036,30226,1.1422088146209717
766,24090.531319879716,26446.314665433038,30263,1.1435620784759521
767,24090.531319879716,26891.048030043905,30302,1.1449213027954102
768,24090.531319879716,26544.12634882579,30344,1.1465036869049072
769,24090.531319879716,26023.50941189355,30384,1.1480634212493896
770,24090.531319879716,26251.429921352097,30425,1.1495959758758545
771,24090.531319879716,26075.6384264748,30466,1.1511750221252441
772,24090.531319879716,26096.633012410493,30509,1.152796983718872
773,24090.531319879716,26535.88274424509,30554,1.154357671737671
774,24090.531319879716,26530.055580655808,30598,1.1561880111694336
775,24090.531319879716,25953.864794846457,30640,1.157818078994751
776,24090.531319879716,26345.305349505215,30685,1.1594176292419434
777,24090.531319879716,26628.337947722768,30731,1.1610591411590576
778,24090.531319879716,25636.895039225554,30773,1.16263747215271
779,24090.531319879716,26328.312050152763,30818,1.164304494857788
780,24090.531319879716,26250.16159349801,30863,1.1658735275268555
781,24090.531319879716,26633.716791042767,30909,1.167548418045044
782,24090.531319879716,25841.744924954823,30952,1.1690900325775146
783,24090.531319879716,26010.717167336552,30996,1.170649528503418
784,24090.531319879716,26112.34447713666,31040,1.172243356704712
785,24090.531319879716,26448.603482460883,31085,1.1739115715026855
786,24090.531319879716,26825.341038479957,31131,1.1756305694580078
787,24090.531319879716,26856.286570185963,31177,1.177215576171875
788,24090.531319879716,25984.837257080686,31220,1.178879737854004
789,24090.531319879716,25729.704651944092,31263,1.1805307865142822
790,24090.531319879716,26155.866455883486,31307,1.1821234226226807
791,24090.531319879716,26807.690180816287,31353,1.1837522983551025
792,24090.531319879716,26458.671493726455,31398,1.1854262351989746
793,24090.531319879716,26859.819846639413,31444,1.1870155334472656
794,24090.531319879716,26176.92815388552,31488,1.1885862350463867
795,24090.531319879716,25812.085159262548,31531,1.1902191638946533
796,24090.531319879716,26910.4326179183,31578,1.1918973922729492
797,24090.531319879716,25553.174595918994,31620,1.1935381889343262
798,24090.531319879716,26462.433213934055,31665,1.1951284408569336
799,24090.531319879716,26860.5432585053,31712,1.19688081741333
800,24090.531319879716,26686.391488284684,31757,1.1986076831817627
801,24090.531319879716,26424.846333511356,31802,1.2002043724060059
802,24090.531319879716,26275.134096414524,31846,1.201854944229126
803,24090.531319879716,25977.075109802357,31889,1.2034966945648193
804,24090.531319879716,26741.887548386072,31935,1.2051432132720947
805,24090.531319879716,27063.420344877417,31982,1.2069551944732666
806,24090.531319879716,26692.88773664562,32027,1.2089221477508545
807,24090.531319879716,25905.244012800278,32070,1.2106742858886719
808,24090.531319879716,26215.95836462144,32114,1.2122554779052734
809,24090.531319879716,26458.561168663193,32160,1.2142889499664307
810,24090.531319879716,25972.468193954977,32203,1.2159366607666016
811,24090.531319879716,27213.926217444478,32251,1.2176482677459717
812,24090.531319879716,26657.572964368115,32297,1.2192697525024414
813,24090.531319879716,26186.644683996976,32341,1.220820665359497
814,24090.531319879716,26283.622203836934,32385,1.2224299907684326
815,24090.531319879716,26406.86229352798,32430,1.2240149974822998
816,24090.531319879716,27050.125195948258,32477,1.2257483005523682
817,24090.531319879716,27046.74322915995,32524,1.2275974750518799
818,24090.531319879716,26023.50127357696,32567,1.2292160987854004
819,24090.531319879716,26342.640783907565,32612,1.2308316230773926
820,24090.531319879716,25943.676537550225,32655,1.2324275970458984
821,24090.531319879716,26629.486682449628,32701,1.234145164489746
822,24090.531319879716,26980.950072769487,32748,1.2358551025390625
823,24090.531319879716,26184.519947670804,32792,1.237473726272583
824,24090.531319879716,26386.209890192302,32836,1.2390894889831543
825,24090.531319879716,26867.850460149057,32882,1.2407398223876953
826,24090.531319879716,26505.86499930068,32927,1.242368221282959
827,24090.531319879716,27512.04136398049,32975,1.2440896034240723
828,24090.531319879716,26292.614862039452,33019,1.2457518577575684
829,24090.531319879716,26212.61611505361,33061,1.2472596168518066
830,24090.531319879716,27224.419067451745,33106,1.2488837242126465
831,24090.531319879716,26537.97225570511,33149,1.2505486011505127
832,24090.531319879716,26352.690400259435,33192,1.2522168159484863
833,24090.531319879716,26462.89073506091,33236,1.253880500793457
834,24090.531319879716,26747.119826394137,33281,1.2556211948394775
835,24090.531319879716,26254.501237320463,33324,1.2571589946746826
836,24090.531319879716,26543.78902587233,33368,1.2587969303131104
837,24090.531319879716,26533.32601063334,33412,1.2603607177734375
838,24090.531319879716,25620.631487428538,33453,1.2618558406829834
839,24090.531319879716,26236.955951025415,33496,1.2634766101837158
840,24030.665281227502,25963.05860165419,33538,1.2650489807128906
841,24030.665281227502,26814.786747198297,33581,1.2666165828704834
842,24030.665281227502,27073.250859734297,33624,1.2682223320007324
843,24030.665281227502,26241.771689614234,33664,1.2697298526763916
844,24030.665281227502,26074.150389198283,33703,1.2711279392242432
845,24030.665281227502,26032.539747422208,33742,1.272702693939209
846,24030.665281227502,25958.815293019295,33781,1.2741858959197998
847,24030.665281227502,26070.73372198839,33821,1.2759449481964111
848,24030.665281227502,26381.280372752237,33863,1.2775585651397705
849,24030.665281227502,26405.0528756959,33908,1.2792439460754395
850,24030.665281227502,26137.04186495244,33952,1.28096604347229
851,24030.665281227502,25767.943563835805,33995,1.2826383113861084
852,24030.665281227502,25412.51847450067,34037,1.2843043804168701
853,24030.665281227502,25663.296899398687,34081,1.2859349250793457
854,24030.665281227502,25914.54299339942,34126,1.287717342376709
855,24030.665281227502,26228.125264506536,34172,1.2893428802490234
856,24030.665281227502,26058.488510368792,34217,1.291059970855713
857,24030.665281227502,26662.039356703044,34264,1.2927813529968262
858,24030.665281227502,25803.252444230144,34308,1.294508457183838
859,24030.665281227502,26072.001676761316,34353,1.2962656021118164
860,24030.665281227502,25556.895643776927,34396,1.297938585281372
861,24030.665281227502,26564.331968615752,34444,1.2998886108398438
862,24030.665281227502,25994.1163491212,34490,1.3015515804290771
863,24030.665281227502,26110.68402646105,34536,1.303184986114502
864,24030.665281227502,25971.04852345215,34582,1.3049235343933105
865,24030.665281227502,25854.18537727609,34627,1.306621789932251
866,24030.665281227502,26410.979941012778,34675,1.3082571029663086
867,24030.665281227502,26335.7265315394,34722,1.3100221157073975
868,24030.665281227502,26385.969580294153,34769,1.3117382526397705
869,24030.665281227502,26098.59677187683,34815,1.3134410381317139
870,24030.665281227502,25924.488701180653,34860,1.3150935173034668
871,24030.665281227502,25906.756987437933,34906,1.3168342113494873
872,24030.665281227502,25911.000374866617,34952,1.3185889720916748
873,24030.665281227502,26717.72231324467,35000,1.3203527927398682
874,24030.665281227502,26371.61085301752,35047,1.3220713138580322
875,24030.665281227502,26473.880497512935,35094,1.3238120079040527
876,24030.665281227502,26400.76511078602,35141,1.3255093097686768
877,24030.665281227502,26182.64541087754,35187,1.3275513648986816
878,24030.665281227502,26774.23649935683,35235,1.3292264938354492
879,24030.665281227502,26513.47741109843,35282,1.3308563232421875
880,24030.665281227502,26011.697437753937,35328,1.3325614929199219
881,24030.665281227502,25936.361100118902,35373,1.3342864513397217
882,24030.665281227502,25630.761744550495,35417,1.3360016345977783
883,24030.665281227502,25949.52389845291,35462,1.337674856185913
884,24030.665281227502,26876.24365706834,35511,1.3394205570220947
885,24030.665281227502,25960.28483276443,35556,1.3411636352539062
886,24030.665281227502,26938.904137048565,35605,1.3428955078125
887,24030.665281227502,26473.306537266173,35652,1.3445773124694824
888,24030.665281227502,25874.0239840179,35697,1.346294641494751
889,24030.665281227502,26068.27137200215,35743,1.3480381965637207
890,24030.665281227502,26746.113788729752,35792,1.3498127460479736
891,24030.665281227502,26818.462052600524,35839,1.351449728012085
892,24030.665281227502,26535.2052147293,35884,1.3533251285552979
893,24030.665281227502,25934.007974112305,35927,1.3549091815948486
894,24030.665281227502,25886.878087124864,35970,1.3565113544464111
895,24030.665281227502,26455.219853156465,36016,1.3581821918487549
896,24030.665281227502,25322.23362184932,36057,1.3598272800445557
897,24030.665281227502,26355.704513595196,36102,1.3614332675933838
898,24030.665281227502,26843.220851299327,36149,1.3631107807159424
899,24030.665281227502,25778.718733531547,36192,1.364678144454956
900,24030.665281227502,25789.834446453508,36235,1.3663914203643799
901,24030.665281227502,26469.043984233947,36281,1.3681933879852295
902,24030.665281227502,26295.917435658364,36326,1.3698275089263916
903,24030.665281227502,26599.015665574574,36372,1.3715720176696777
904,24030.665281227502,26591.07829874318,36417,1.3733117580413818
905,24030.665281227502,25918.28065140652,36460,1.3749098777770996
906,24030.665281227502,27140.175837454597,36507,1.3765711784362793
907,24030.665281227502,25359.24049937989,36548,1.3781054019927979
908,24030.665281227502,26099.17493611019,36592,1.379873275756836
909,24030.665281227502,26523.316654874707,36638,1.3814518451690674
910,24030.665281227502,25626.750065140426,36678,1.3829331398010254
911,24030.665281227502,26903.74218262545,36723,1.3845698833465576
912,24030.665281227502,26147.40427332634,36766,1.3861284255981445
913,24030.665281227502,26573.01219904452,36811,1.3877756595611572
914,24030.665281227502,25630.12804923563,36852,1.3893020153045654
915,24030.665281227502,25984.96979911565,36895,1.3908264636993408
916,24030.665281227502,26398.587099277247,36939,1.3926243782043457
917,24030.665281227502,26275.18793895736,36983,1.3942086696624756
918,24030.665281227502,25993.352402055352,37026,1.3958930969238281
919,24030.665281227502,26312.42536278997,37070,1.3974711894989014
920,24030.665281227502,26271.80033032604,37114,1.3990256786346436
921,24030.665281227502,25617.185351153337,37155,1.400780200958252
922,24030.665281227502,26764.682866425097,37200,1.4024033546447754
923,24030.665281227502,26630.801248774325,37245,1.403960943222046
924,24030.665281227502,25680.842203289558,37287,1.4056835174560547
925,24030.665281227502,25912.422288557478,37330,1.4073057174682617
926,24030.665281227502,26068.481470628558,37373,1.4088895320892334
927,24030.665281227502,27056.9718724172,37420,1.41062593460083
928,24030.665281227502,26590.57789710511,37464,1.4122414588928223
929,24030.665281227502,26450.259980299412,37508,1.4138069152832031
930,24030.665281227502,25866.31714926532,37550,1.4155759811401367
931,24030.665281227502,26383.940300114067,37594,1.4171931743621826
932,24030.665281227502,26488.803508365396,37638,1.4187862873077393
933,24030.665281227502,27260.13826730482,37685,1.4205851554870605
934,24030.665281227502,26459.511399923776,37728,1.4222605228424072
935,24030.665281227502,26386.32505788843,37771,1.4238159656524658
936,24030.665281227502,26411.145583185076,37814,1.425452470779419
937,24030.665281227502,26417.529627785778,37858,1.4270408153533936
938,24030.665281227502,27110.23656330671,37904,1.4288842678070068
939,24030.665281227502,25450.716187501916,37944,1.4304919242858887
940,24030.665281227502,26569.903282399424,37988,1.432135820388794
941,24030.665281227502,26196.661199000795,38031,1.4337623119354248
942,24030.665281227502,26426.117906981697,38075,1.4355072975158691
943,24030.665281227502,26555.111509325438,38119,1.437119483947754
944,24030.665281227502,26005.45798693066,38162,1.4387450218200684
945,24030.665281227502,26922.28679795209,38209,1.440373420715332
946,24030.665281227502,25306.099006030716,38250,1.4419000148773193
947,24030.665281227502,26123.011458309775,38294,1.443575143814087
948,24030.665281227502,26390.022027316914,38339,1.4451534748077393
949,24030.665281227502,27197.315859160073,38387,1.4469282627105713
950,24030.665281227502,26350.846175843453,38432,1.448591709136963
951,24030.665281227502,26035.97649429572,38475,1.450721025466919
952,24030.665281227502,26297.50094299257,38519,1.4524884223937988
953,24030.665281227502,26284.665329249037,38563,1.454068899154663
954,24030.665281227502,26705.072066766716,38609,1.456749439239502
955,24030.665281227502,26586.53557057503,38654,1.459021806716919
956,24030.665281227502,26172.908620782964,38698,1.460660696029663
957,24030.665281227502,26920.231777129808,38745,1.462538242340088
958,24030.665281227502,25632.36608670615,38787,1.4641830921173096
959,24030.665281227502,25716.041244704666,38830,1.465768575668335
960,24030.665281227502,26547.933945106823,38876,1.4674334526062012
961,24030.665281227502,26618.03356100752,38922,1.4690468311309814
962,24030.665281227502,26441.36389931748,38967,1.470630407333374
963,24030.665281227502,26925.68113657943,39014,1.4724526405334473
964,24030.665281227502,25948.00496216692,39057,1.474062204360962
965,24030.665281227502,26666.976609831418,39103,1.4758145809173584
966,23902.581455151536,26218.730009962586,39147,1.4777112007141113
967,23902.581455151536,26731.52730491352,39190,1.4792687892913818
968,23902.581455151536,26263.988710834095,39231,1.480797529220581
969,23902.581455151536,26858.399747005,39274,1.4825053215026855
970,23902.581455151536,27207.984705832096,39318,1.4840407371520996
971,23902.581455151536,26318.603814638933,39359,1.48555326461792
972,23902.581455151536,26323.689627363197,39400,1.4870233535766602
973,23902.581455151536,26875.359264019684,39443,1.4885179996490479
974,23902.581455151536,26261.499730657193,39484,1.4900410175323486
975,23902.581455151536,27081.232448936873,39528,1.4915571212768555
976,23902.581455151536,26041.425497859003,39569,1.4930322170257568
977,23902.581455151536,26103.93730215241,39610,1.4945499897003174
978,23902.581455151536,26430.91768620219,39652,1.496138572692871
979,23902.581455151536,26460.16958114738,39694,1.4976882934570312
980,23902.581455151536,26776.975941995,39737,1.4992384910583496
981,23902.581455151536,26739.537956037864,39780,1.5007383823394775
982,23902.581455151536,26598.052731271404,39822,1.5022475719451904
983,23902.581455151536,26713.081828326332,39864,1.5037918090820312
984,23902.581455151536,26751.94476903114,39906,1.5053763389587402
985,23902.581455151536,26850.78030239548,39948,1.5069336891174316
986,23758.860630764026,26103.357685321997,39988,1.5084428787231445
987,23758.860630764026,26610.96154008131,40025,1.510014533996582
988,23758.860630764026,26691.84320127113,40062,1.5113813877105713
989,23758.860630764026,26767.272277927725,40100,1.512768030166626
990,23758.860630764026,26240.21460961719,40135,1.5140504837036133
991,23758.860630764026,26498.13389928452,40172,1.5153541564941406
992,23758.860630764026,25760.602899324065,40206,1.5166511535644531
993,23758.860630764026,26664.680231522176,40243,1.5180065631866455
994,23758.860630764026,26554.94779887143,40279,1.519296646118164
995,23758.860630764026,26863.68174336835,40316,1.5205893516540527
996,23758.860630764026,26397.171491317797,40351,1.5218186378479004
997,23758.860630764026,26074.358388702884,40385,1.523261308670044
998,23758.860630764026,26224.95807212001,40420,1.5246446132659912
999,23758.860630764026,26717.574391059145,40457,1.5260157585144043
1000,23758.860630764026,26198.78216696213,40492,1.527388572692871
